"AL_26s_A10_R" "AL_26s_A12_R" "AL_26s_A8_R" "AL_26s_B10_R" "AL_26s_B11_R" "AL_26s_B12_R" "AL_26s_B1_R" "AL_26s_B2_R" "AL_26s_B3_R" "AL_26s_B6_R" "AL_26s_B7_R" "AL_26s_B8_R" "AL_26s_B9_R" "AL_26s_C1_R"
"ENSMUSG00000019256" 0.997719363193959 0.997719363193959 0.997719363193959 3.19138590553317 0.997719363193959 0.997719363193959 4.09841544474099 0.997719363193959 5.19143697409275 0.997719363193959 0.997719363193959 0.997719363193959 0.997719363193959 0.997719363193959
"ENSMUSG00000015522" 5.5376936298798 0.997719363193959 0.997719363193959 0.997719363193959 6.52424786744511 5.61696236789787 0.997719363193959 5.07075665454821 4.44203153248354 0.997719363193959 0.997719363193959 5.12370286765179 4.46954992010369 0.997719363193959
"ENSMUSG00000015709" 0.997719363193959 0.997719363193959 5.17237821963118 0.997719363193959 7.47239284740638 6.39893788513749 5.56666210354966 6.93217173342371 7.90008076605423 5.49033379040047 6.66666881279009 7.48771372775101 5.40302350023489 6.2675702775411
"ENSMUSG00000055116" 4.07171922706732 0.997719363193959 0.997719363193959 4.93305328138388 3.95455715609153 4.97368788133903 3.25749284658798 0.997719363193959 5.19143697409275 0.997719363193959 0.997719363193959 6.08178553314338 3.12369491203674 4.75552006459585
"ENSMUSG00000040187" 0.997719363193959 0.997719363193959 0.997719363193959 0.997719363193959 3.4596325120939 0.997719363193959 0.997719363193959 5.88014498068268 4.73720592646176 0.997719363193959 0.997719363193959 0.997719363193959 3.12369491203674 0.997719363193959
"ENSMUSG00000020052" 0.997719363193959 0.997719363193959 0.997719363193959 0.997719363193959 0.997719363193959 0.997719363193959 0.997719363193959 0.997719363193959 0.997719363193959 0.997719363193959 0.997719363193959 0.997719363193959 0.997719363193959 0.997719363193959
"ENSMUSG00000036816" 0.997719363193959 0.997719363193959 0.997719363193959 0.997719363193959 0.997719363193959 0.997719363193959 0.997719363193959 0.997719363193959 0.997719363193959 0.997719363193959 0.997719363193959 4.44079729709788 0.997719363193959 0.997719363193959
"ENSMUSG00000072964" 0.997719363193959 4.90558617861424 6.38804253702888 5.885114553128 7.23433118626212 7.38176680175258 6.85165121115275 6.28290229164977 5.68216250274263 6.05377457509094 4.45392816420185 7.73031613531307 6.77486825432099 6.2675702775411
"ENSMUSG00000025128" 0.997719363193959 0.997719363193959 0.997719363193959 0.997719363193959 0.997719363193959 0.997719363193959 5.01177566453802 0.997719363193959 0.997719363193959 0.997719363193959 0.997719363193959 0.997719363193959 0.997719363193959 0.997719363193959
"ENSMUSG00000030103" 0.997719363193959 0.997719363193959 0.997719363193959 0.997719363193959 0.997719363193959 4.67450036283059 3.25749284658798 0.997719363193959 5.37419339536313 0.997719363193959 5.94848468480321 0.997719363193959 6.24620853818895 0.997719363193959
"ENSMUSG00000030256" 0.997719363193959 4.90558617861424 7.73603851497975 7.02770212502394 7.3181263947925 8.2390260245399 6.94320077488802 8.02908236494468 7.77564585496401 6.05377457509094 0.997719363193959 6.82969984225489 6.94186723597218 5.70118420930612
"ENSMUSG00000029238" 6.72420564067033 5.85671022910634 3.13909719557376 0.997719363193959 7.05055459013419 5.43267883726112 4.09841544474099 6.68866056245556 6.33903937110302 0.997719363193959 0.997719363193959 6.3377137620099 3.94818088254864 6.2675702775411
"ENSMUSG00000024140" 5.5376936298798 0.997719363193959 3.96556375042923 4.54911223425534 3.95455715609153 0.997719363193959 6.7538961499797 0.997719363193959 4.44203153248354 0.997719363193959 5.38666032111347 3.09937094495168 0.997719363193959 4.75552006459585
"ENSMUSG00000048001" 0.997719363193959 0.997719363193959 0.997719363193959 0.997719363193959 3.4596325120939 0.997719363193959 0.997719363193959 0.997719363193959 3.56882843830943 0.997719363193959 0.997719363193959 3.09937094495168 0.997719363193959 0.997719363193959
"ENSMUSG00000067071" 0.997719363193959 0.997719363193959 0.997719363193959 4.02440131284661 3.95455715609153 0.997719363193959 4.09841544474099 3.05644200859049 4.98212486836983 0.997719363193959 5.38666032111347 5.12370286765179 0.997719363193959 0.997719363193959
"ENSMUSG00000040289" 0.997719363193959 6.42500572720774 6.70307469784049 3.19138590553317 4.32237690676993 3.783118402312 6.41323437108579 4.7701002745508 4.44203153248354 4.55303715687297 0.997719363193959 5.77045150218326 5.61565668384256 3.85841283601533
"ENSMUSG00000032744" 0.997719363193959 0.997719363193959 0.997719363193959 0.997719363193959 0.997719363193959 0.997719363193959 0.997719363193959 0.997719363193959 0.997719363193959 0.997719363193959 0.997719363193959 0.997719363193959 0.997719363193959 3.85841283601533
"ENSMUSG00000021109" 4.98341076364451 0.997719363193959 6.70307469784049 6.04961335271592 5.91951485982206 6.39893788513749 7.26043920321603 5.88014498068268 7.8077751551225 4.55303715687297 6.35181245135135 6.74381903334271 5.9651108959679 5.30448698619507
"ENSMUSG00000004328" 0.997719363193959 0.997719363193959 0.997719363193959 0.997719363193959 0.997719363193959 0.997719363193959 0.997719363193959 0.997719363193959 3.56882843830943 0.997719363193959 0.997719363193959 0.997719363193959 4.46954992010369 0.997719363193959
"ENSMUSG00000042745" 4.07171922706732 0.997719363193959 0.997719363193959 0.997719363193959 0.997719363193959 0.997719363193959 4.09841544474099 0.997719363193959 5.37419339536313 0.997719363193959 0.997719363193959 0.997719363193959 0.997719363193959 0.997719363193959
"ENSMUSG00000020644" 5.93714313522347 4.90558617861424 3.96556375042923 4.54911223425534 3.4596325120939 3.783118402312 6.85165121115275 3.05644200859049 7.18097925147305 5.49033379040047 4.45392816420185 6.74381903334271 3.94818088254864 4.75552006459585
"ENSMUSG00000007872" 0.997719363193959 0.997719363193959 3.13909719557376 0.997719363193959 3.4596325120939 0.997719363193959 7.11052228826596 0.997719363193959 7.07935560784298 0.997719363193959 0.997719363193959 0.997719363193959 0.997719363193959 0.997719363193959
"ENSMUSG00000021379" 0.997719363193959 4.90558617861424 0.997719363193959 4.93305328138388 2.7002591154254 0.997719363193959 4.09841544474099 3.87199411174676 4.98212486836983 6.77328860639879 0.997719363193959 0.997719363193959 0.997719363193959 0.997719363193959
"ENSMUSG00000059436" 4.07171922706732 0.997719363193959 6.13187126015734 5.2359966062126 4.61521430529959 3.783118402312 5.96642313170796 3.05644200859049 6.04766791778806 0.997719363193959 0.997719363193959 5.12370286765179 3.94818088254864 4.75552006459585
"ENSMUSG00000035158" 7.23058124740834 0.997719363193959 0.997719363193959 3.19138590553317 3.4596325120939 4.2965849606758 0.997719363193959 5.7163210962797 5.53638008398385 0.997719363193959 0.997719363193959 0.997719363193959 3.12369491203674 0.997719363193959
"ENSMUSG00000017801" 4.98341076364451 4.90558617861424 5.63479765904533 5.2359966062126 4.32237690676993 4.2965849606758 6.53594566841146 6.16073093167218 2.79320808359459 0.997719363193959 0.997719363193959 4.82228539976321 0.997719363193959 5.30448698619507
"ENSMUSG00000038342" 0.997719363193959 0.997719363193959 3.13909719557376 3.19138590553317 4.32237690676993 4.67450036283059 3.25749284658798 4.38983316027219 4.44203153248354 0.997719363193959 0.997719363193959 0.997719363193959 4.85170763875519 0.997719363193959
"ENSMUSG00000000282" 4.07171922706732 0.997719363193959 3.13909719557376 4.02440131284661 4.32237690676993 0.997719363193959 0.997719363193959 3.05644200859049 4.44203153248354 0.997719363193959 0.997719363193959 3.92068003162486 3.12369491203674 4.75552006459585
"ENSMUSG00000001156" 6.24963694393808 0.997719363193959 0.997719363193959 4.93305328138388 5.55521170849007 4.2965849606758 0.997719363193959 6.49999960704047 4.44203153248354 5.49033379040047 0.997719363193959 3.09937094495168 5.8009387639867 0.997719363193959
"ENSMUSG00000021485" 0.997719363193959 0.997719363193959 0.997719363193959 0.997719363193959 0.997719363193959 0.997719363193959 0.997719363193959 0.997719363193959 0.997719363193959 0.997719363193959 0.997719363193959 0.997719363193959 0.997719363193959 0.997719363193959
"ENSMUSG00000037235" 6.72420564067033 7.14849768115858 3.96556375042923 4.93305328138388 2.7002591154254 2.97852630849735 5.31573346574048 5.88014498068268 4.44203153248354 0.997719363193959 7.65242049689176 0.997719363193959 4.46954992010369 0.997719363193959
"ENSMUSG00000022346" 4.07171922706732 0.997719363193959 3.13909719557376 0.997719363193959 0.997719363193959 0.997719363193959 3.25749284658798 0.997719363193959 4.73720592646176 0.997719363193959 0.997719363193959 0.997719363193959 3.12369491203674 0.997719363193959
"ENSMUSG00000028654" 4.07171922706732 0.997719363193959 0.997719363193959 3.19138590553317 2.7002591154254 0.997719363193959 0.997719363193959 0.997719363193959 0.997719363193959 0.997719363193959 0.997719363193959 0.997719363193959 0.997719363193959 0.997719363193959
"ENSMUSG00000037169" 0.997719363193959 0.997719363193959 0.997719363193959 0.997719363193959 0.997719363193959 2.97852630849735 3.25749284658798 3.87199411174676 2.79320808359459 6.77328860639879 0.997719363193959 0.997719363193959 0.997719363193959 0.997719363193959
"ENSMUSG00000020647" 7.49041508901756 5.85671022910634 5.98442551454232 6.19726074227916 5.80799849710603 6.39893788513749 6.64903277167396 5.3194336503413 6.33903937110302 0.997719363193959 0.997719363193959 5.77045150218326 5.8009387639867 4.75552006459585
"ENSMUSG00000005886" 0.997719363193959 4.90558617861424 6.88039035716026 5.885114553128 5.24851983757643 6.18222404066918 4.62620001005264 5.07075665454821 5.81455635698791 0.997719363193959 0.997719363193959 3.09937094495168 7.46515405788635 5.30448698619507
"ENSMUSG00000027678" 6.50634737589572 7.14849768115858 6.38804253702888 5.48623427086611 4.61521430529959 6.29464634052227 5.78034493008334 6.02724853509478 7.27591315410014 5.49033379040047 0.997719363193959 7.12972226399747 6.48136619417816 6.9895005610189
"ENSMUSG00000048015" 0.997719363193959 0.997719363193959 0.997719363193959 0.997719363193959 0.997719363193959 0.997719363193959 0.997719363193959 0.997719363193959 0.997719363193959 0.997719363193959 0.997719363193959 0.997719363193959 0.997719363193959 6.48461091489034
"ENSMUSG00000001988" 0.997719363193959 0.997719363193959 0.997719363193959 0.997719363193959 4.61521430529959 0.997719363193959 0.997719363193959 5.3194336503413 6.91209089739569 0.997719363193959 0.997719363193959 3.09937094495168 0.997719363193959 5.30448698619507
"ENSMUSG00000026077" 0.997719363193959 0.997719363193959 3.13909719557376 4.02440131284661 0.997719363193959 3.783118402312 0.997719363193959 3.05644200859049 4.07050971387661 0.997719363193959 0.997719363193959 3.92068003162486 3.12369491203674 0.997719363193959
"ENSMUSG00000021010" 0.997719363193959 7.98744174182885 5.17237821963118 0.997719363193959 8.15807748021556 0.997719363193959 6.27910709117859 8.31340002142714 9.07653743259865 6.77328860639879 5.38666032111347 5.93450051944405 5.15354205974634 7.74566990025998
"ENSMUSG00000045903" 0.997719363193959 0.997719363193959 0.997719363193959 3.19138590553317 0.997719363193959 2.97852630849735 0.997719363193959 0.997719363193959 0.997719363193959 0.997719363193959 0.997719363193959 0.997719363193959 3.94818088254864 3.85841283601533
"ENSMUSG00000046160" 9.82326319125729 0.997719363193959 4.8702849396743 7.17749568095045 2.7002591154254 3.783118402312 8.3546906637874 3.05644200859049 6.58133710037985 7.03192693603265 6.35181245135135 6.4504484871307 0.997719363193959 0.997719363193959
"ENSMUSG00000039830" 0.997719363193959 0.997719363193959 3.13909719557376 3.19138590553317 0.997719363193959 0.997719363193959 4.62620001005264 0.997719363193959 0.997719363193959 4.55303715687297 0.997719363193959 3.92068003162486 0.997719363193959 0.997719363193959
"ENSMUSG00000034161" 0.997719363193959 0.997719363193959 0.997719363193959 0.997719363193959 0.997719363193959 0.997719363193959 4.09841544474099 0.997719363193959 0.997719363193959 0.997719363193959 0.997719363193959 0.997719363193959 0.997719363193959 0.997719363193959
"ENSMUSG00000020538" 4.07171922706732 0.997719363193959 3.96556375042923 5.48623427086611 2.7002591154254 5.22136029066883 0.997719363193959 0.997719363193959 3.56882843830943 4.55303715687297 0.997719363193959 0.997719363193959 3.94818088254864 0.997719363193959
"ENSMUSG00000022463" 6.24963694393808 0.997719363193959 6.13187126015734 4.02440131284661 4.32237690676993 4.67450036283059 4.62620001005264 4.38983316027219 6.04766791778806 0.997719363193959 4.45392816420185 5.77045150218326 5.8009387639867 6.48461091489034
"ENSMUSG00000028717" 0.997719363193959 0.997719363193959 3.13909719557376 6.04961335271592 5.24851983757643 0.997719363193959 5.78034493008334 4.38983316027219 5.37419339536313 5.49033379040047 0.997719363193959 4.82228539976321 0.997719363193959 3.85841283601533
"ENSMUSG00000032228" 7.71051703808779 0.997719363193959 3.96556375042923 4.54911223425534 5.6871346483162 0.997719363193959 5.96642313170796 4.38983316027219 5.19143697409275 4.55303715687297 0.997719363193959 5.12370286765179 0.997719363193959 0.997719363193959
"ENSMUSG00000020167" 0.997719363193959 0.997719363193959 0.997719363193959 0.997719363193959 0.997719363193959 3.783118402312 3.25749284658798 0.997719363193959 0.997719363193959 5.49033379040047 0.997719363193959 0.997719363193959 0.997719363193959 3.85841283601533
"ENSMUSG00000053477" 8.29088765602719 7.81893499749239 5.82017702745107 8.16751067030553 3.4596325120939 5.61696236789787 8.01821640580683 3.87199411174676 6.58133710037985 7.03192693603265 4.45392816420185 6.55500882681704 7.16090835184423 0.997719363193959
"ENSMUSG00000038932" 0.997719363193959 6.42500572720774 0.997719363193959 0.997719363193959 0.997719363193959 0.997719363193959 0.997719363193959 0.997719363193959 0.997719363193959 0.997719363193959 0.997719363193959 0.997719363193959 0.997719363193959 0.997719363193959
"ENSMUSG00000000134" 6.24963694393808 4.90558617861424 0.997719363193959 4.54911223425534 4.61521430529959 0.997719363193959 0.997719363193959 4.38983316027219 4.73720592646176 0.997719363193959 0.997719363193959 3.09937094495168 3.94818088254864 6.01199517243339
"ENSMUSG00000023990" 0.997719363193959 0.997719363193959 0.997719363193959 0.997719363193959 2.7002591154254 0.997719363193959 0.997719363193959 0.997719363193959 0.997719363193959 0.997719363193959 0.997719363193959 5.77045150218326 0.997719363193959 0.997719363193959
"ENSMUSG00000026641" 0.997719363193959 4.90558617861424 4.8702849396743 5.2359966062126 3.95455715609153 4.2965849606758 6.13121981670712 0.997719363193959 4.73720592646176 5.49033379040047 0.997719363193959 4.44079729709788 3.12369491203674 6.48461091489034
"ENSMUSG00000058239" 0.997719363193959 0.997719363193959 3.13909719557376 0.997719363193959 3.95455715609153 3.783118402312 0.997719363193959 4.38983316027219 3.56882843830943 0.997719363193959 5.94848468480321 3.09937094495168 5.15354205974634 0.997719363193959
