"logFC"	"AveExpr"	"t"	"P.Value"	"adj.P.Val"	"B"
"miR-6778-5p"	9.66066698546625	7.74873110787853	11.6427608614245	1.49618615919409e-07	8.87238392402098e-05	7.63645009022384
"miR-6800-5p"	5.6236127109923	5.65571311789685	9.67852351062145	9.75775287996399e-07	0.000289317372890932	5.93969155611991
"miR-6726-5p"	4.95333257265558	4.70375936298984	6.34800505385631	5.31212957730706e-05	0.00846989766161138	2.29046008575986
"miR-1914-3p"	5.25077069248942	5.2557230695084	6.29597380675374	5.71325306010886e-05	0.00846989766161138	2.22565645826371
"miR-4259"	4.07095700739123	2.82588189638742	4.55846124417937	0.000806135596493362	0.0956076817441127	-0.258647958265321
"miR-5010-5p"	3.60227734914027	3.98893686096531	3.74442585110643	0.00320784799587259	0.317042310258741	-1.52150641018707
"miR-9-5p"	3.28436823390355	3.17833013362548	3.24636342442599	0.00772727823692092	0.522725192582709	-2.31458417743592
"miR-5100"	-2.23981107949373	5.06556732148259	-3.17770243699354	0.00873461575344203	0.522725192582709	-2.5476538018545
"miR-1910-3p"	2.57465018210543	3.50405705312882	3.11926437913971	0.00969642009849882	0.522725192582709	-2.57786164497667
"miR-494-3p"	-2.46574585264559	3.79291769013098	-3.14895766322508	0.00919499945162256	0.522725192582709	-2.61163185026614
"miR-3607-5p"	2.71924891593528	4.72963638867206	3.02575963755612	0.0114634207104408	0.522908344714725	-2.6955536207335
"miR-1275"	1.97982634801569	7.43578378725242	3.14887315814159	0.00919638855114798	0.522725192582709	-2.77217529386597
"miR-198"	2.60201805992107	3.66658497825027	2.91651042566244	0.0139435666041033	0.524647561164869	-2.89746344796945
"miR-362-3p"	2.46516536245711	4.44933710099738	2.86588323506625	0.0152690149965392	0.524647561164869	-2.94924740242289
"miR-200c-3p"	1.82305212117944	9.71107292950403	3.0271657362499	0.0114345775164499	0.522908344714725	-2.98083971006639
"miR-4665-5p"	2.7596676670084	3.90885523749016	2.84242420940021	0.0159252210808898	0.524647561164869	-2.99670392797772
"miR-96-5p"	2.48548612203145	6.17826442636014	2.87174475368057	0.0151093190732512	0.524647561164869	-3.01334996341557
"miR-1587"	-2.35816633500438	3.59797831397601	-2.77916238116068	0.0178385106516209	0.54465856093261	-3.07866164850388
"miR-3620-3p"	-2.31447666755507	3.81750319590817	-2.76279969171621	0.0183695973333089	0.54465856093261	-3.13133817370373
"miR-6794-5p"	1.9247797225885	5.42442684603649	2.87654422398932	0.0149798032621832	0.524647561164869	-3.18186547945379
"miR-629-5p"	2.39724242142025	3.21493918321309	2.69233944642257	0.0208418542116287	0.561782706704356	-3.21816452346534
"miR-361-3p"	2.33875425043288	4.30267483107872	2.69522744919291	0.0207343220847052	0.561782706704356	-3.22467722011072
"miR-4706"	-1.90458245898655	3.25049682979336	-2.63050658159977	0.0232811584294817	0.600248997768811	-3.44081810712029
"miR-6859-5p"	-1.82412894531004	4.43279322388369	-2.59014616690415	0.0250232152904823	0.604659195581535	-3.52825349542097
"miR-181c-5p"	1.75603838439103	5.72726030617503	2.57248459090475	0.0258253198425727	0.604659195581535	-3.56236716590439
"miR-6829-3p"	-1.99909966530089	3.81271234472373	-2.48009237650499	0.0304505415097718	0.604659195581535	-3.58658609546495
"miR-28-5p"	2.23603121927138	4.9500603174326	2.4590976596156	0.031609502635797	0.604659195581535	-3.61675955881293
"miR-1236-5p"	2.04080437425812	3.20382356527328	2.47516772644106	0.0307186139615396	0.604659195581535	-3.67420060519025
"miR-1228-3p"	-1.74161409191574	5.24736257491119	-2.49140508608019	0.029843359235045	0.604659195581535	-3.67766037379104
"let-7d-5p"	1.98614839217734	8.15764395058431	2.53846172443074	0.0274423149472001	0.604659195581535	-3.72282993844088
"miR-32-5p"	2.17641686151368	4.25968654651037	2.3566324688317	0.0379103865880059	0.661201742549633	-3.76514711348853
"miR-129-5p"	-1.94809144246189	4.35892124267719	-2.37718175513747	0.0365561825885024	0.656903523484301	-3.77088244524274
"miR-625-5p"	1.94623874075369	3.73691301937508	2.31674463965889	0.0406787467439903	0.68730546203781	-3.8219028382544
"miR-141-5p"	1.98809237885609	4.00495803264261	2.28627361493038	0.0429238434423736	0.68730546203781	-3.87331491692678
"miR-3687"	1.36082449804296	8.97740516468543	2.47055001115523	0.0309720704521311	0.604659195581535	-3.9485588851435
"miR-146b-5p"	1.93386553653682	4.14873235573015	2.22764110560442	0.0475831932719522	0.68730546203781	-3.96153608688772
"miR-7113-3p"	-1.42067675362636	6.47072571090886	-2.3903485631013	0.0357132426122316	0.656903523484301	-4.02910202384408
"miR-6729-3p"	-1.98723263572532	2.25589914924011	-2.15645237268261	0.053891504315389	0.68730546203781	-4.05300391677104
"miR-454-3p"	1.96225412867198	5.17859530571666	2.19458783081653	0.0504192477130537	0.68730546203781	-4.08624607473444
"miR-4539"	-1.52023566912618	5.3667859189638	-2.22787176042126	0.0475639486295875	0.68730546203781	-4.12327666831703
"miR-21-3p"	1.7163127076009	5.74028593076373	2.12756354667113	0.0566717997217769	0.68730546203781	-4.14152405724887
"miR-6782-5p"	1.6059010981121	5.39126741551453	2.23024314355639	0.0473665238607925	0.68730546203781	-4.17734114143865
"miR-6837-5p"	1.6424830500561	3.09223565297676	2.1763439019393	0.0520529320330035	0.68730546203781	-4.19531105789936
"miR-181a-3p"	1.88073894155642	2.84759281428574	2.03867979345294	0.0661006076697041	0.68730546203781	-4.23216610612336
"miR-4448"	-1.91459223806675	7.44715617422044	-2.27411835161335	0.0438522937019901	0.68730546203781	-4.24055055605765
"miR-132-5p"	1.8680738950645	3.47209848629335	2.01896518203573	0.0683828368637956	0.68730546203781	-4.26634924526517
"miR-25-3p"	1.30501438573363	8.23199199136391	2.21486556461781	0.0486608184392457	0.68730546203781	-4.27665930710442
"miR-22-5p"	1.47192386520704	6.13147176077613	2.1170610344538	0.0577158423496808	0.68730546203781	-4.30981577545367
"miR-363-3p"	1.76153471554893	5.63660996406818	1.99457682648127	0.0713080991448538	0.701521961905912	-4.33207986626984
"miR-210-5p"	-1.85513484895804	5.48095673101329	-2.04778421041465	0.06507092372128	0.68730546203781	-4.35278744074859
"miR-340-5p"	1.91773876985525	2.86203170381785	1.95220216490435	0.0766697882821657	0.721017476956372	-4.3660991266076
"miR-6893-3p"	-2.03407122867393	4.07139891076352	-2.03677096374439	0.0663184197473849	0.68730546203781	-4.37183665164938
"miR-182-5p"	1.59495172498028	6.28330986224903	2.05196067160897	0.0646036309613461	0.68730546203781	-4.37865082188582
"miR-30e-5p"	1.38377005647946	7.33569738813208	2.07887826457351	0.0616667294651061	0.68730546203781	-4.3848182958027
"miR-30d-5p"	1.17739213617692	9.04361021873324	2.16747380018431	0.0528653047534901	0.68730546203781	-4.40782318633093
"miR-20a-3p"	1.72406002756467	3.05269382304662	1.91658010842788	0.0814640319664029	0.721017476956372	-4.41078026099174
"miR-4461"	1.13280406969642	8.84939130438995	2.18221536720965	0.0515217388511181	0.68730546203781	-4.41306742039914
"miR-652-3p"	1.81159062533747	5.05439920896586	1.94638937904492	0.0774338291823783	0.721017476956372	-4.42841685181329
"miR-296-3p"	1.37767430327157	3.39693664488225	2.03469626949434	0.0665559211366275	0.68730546203781	-4.43903539319312
"let-7a-5p"	1.29814421172391	9.96457788128564	2.12238694962929	0.0571841455385056	0.68730546203781	-4.50325576387402
"miR-4784"	1.40694118162173	1.70538208100952	1.92166858371978	0.0807626213224284	0.721017476956372	-4.59264327640938
"miR-92a-3p"	1.17442634274601	9.91527138057623	2.07053703357623	0.0625631107091113	0.68730546203781	-4.59801191628393
"let-7f-5p"	1.52291997751499	9.65375811929869	2.03624814589947	0.0663781945334951	0.68730546203781	-4.64063819367097
"miR-1291"	1.49704059449129	3.55532802786998	1.77473643857167	0.10341710677802	0.740867609101933	-4.6410807579078
"miR-4443"	-1.07365276360465	6.49402595532586	-2.02443764689918	0.0677420373614152	0.68730546203781	-4.64888297549146
"miR-3663-5p"	-1.27835748483921	4.50976595903731	-1.92327105025532	0.0805428906650128	0.721017476956372	-4.66267708770467
"miR-1245a"	-1.57792212609908	3.62808684174447	-1.8535118609656	0.0906361625348327	0.726314113285889	-4.68407117054943
"miR-3610"	1.27296962117559	4.05022794141179	1.87338076782788	0.0876490256780384	0.726314113285889	-4.6862838731249
"miR-141-3p"	1.30474422111959	9.86015967535505	1.9876232005912	0.0721633046817211	0.701521961905912	-4.73013568618099
"miR-200b-5p"	1.5216705785613	3.32432495944629	1.68167066164281	0.120602601527871	0.761449295907614	-4.75088085468728
"miR-23c"	1.4586841019243	4.14016991663314	1.68727866185311	0.119498811021094	0.761449295907614	-4.7610669858286
"miR-362-5p"	1.902346561743	3.11600951207345	1.67032669539	0.122863180100132	0.761449295907614	-4.76847880183834
"miR-6749-3p"	-1.17485498612575	6.38544362733299	-1.88890341058994	0.0853784993172863	0.726314113285889	-4.77698145045821
"miR-155-5p"	1.55623719644156	5.47714192266207	1.69994858471418	0.117038188581359	0.761449295907614	-4.78465977305005
"miR-602"	1.36551792686479	5.91624236875105	1.83981981533629	0.0927486116075018	0.733332355776647	-4.79007539877706
"miR-4800-5p"	1.53219651294074	3.32028725966713	1.80550725767482	0.0982414152769615	0.734904796024008	-4.79383393973778
"miR-4505"	1.38945371378924	4.70618545026651	1.8129923583697	0.0970185261763827	0.734904796024008	-4.79406362477436
"miR-103a-3p"	1.19485074760191	7.76009619297802	1.85852723624577	0.0898734610798621	0.726314113285889	-4.80292167975184
"miR-3689a-3p"	-1.50748958340003	3.68860411378814	-1.65793450575351	0.125375643988733	0.761449295907614	-4.80913563014891
"miR-501-5p"	1.46534640753212	2.98025515981454	1.63329603199582	0.13050673017919	0.761449295907614	-4.81564697470891
"miR-6729-5p"	-1.17589129852645	8.3776322040301	-1.91890678624783	0.0811426203445577	0.721017476956372	-4.8205463318197
"miR-7114-3p"	-1.2855460797722	4.81483524800698	-1.7592115785332	0.106121034706056	0.749163971198706	-4.82133453231337
"miR-429"	1.21850866053682	5.92211269761428	1.73339159284257	0.110759595918149	0.752252979164462	-4.85643317245655
"miR-15b-5p"	1.02023999513874	9.59729723340483	1.90597466370742	0.082944032176259	0.723320751184141	-4.86017823554359
"let-7g-5p"	1.00166892937204	8.70792679684218	1.86849788607638	0.0883746404981663	0.726314113285889	-4.90239107043807
"miR-135b-5p"	1.55988002563025	5.51475608405287	1.61644061359642	0.134123032468545	0.761449295907614	-4.93943446927758
"miR-6870-5p"	-1.20000974021019	4.73131122480199	-1.79246986374649	0.100404921055846	0.735063187482923	-4.94245824454592
"miR-6798-5p"	1.12962192020913	5.80561858300592	1.73780649183288	0.10995374638996	0.752252979164462	-4.94925357650997
"miR-1538"	-1.39592452162003	4.04691119074029	-1.5573429008249	0.147507442259399	0.76874712693863	-4.95492547841004
"miR-500b-5p"	1.27052952070145	3.72823802824612	1.53157743478794	0.153698233860766	0.76874712693863	-4.96547649812211
"miR-944"	1.31271510446213	3.21725070068022	1.52005960430071	0.156537709813511	0.76874712693863	-4.96573841075404
"miR-30c-5p"	1.03757318353233	8.44100691776655	1.80003692285057	0.0991439859728847	0.734904796024008	-4.97944395111923
"miR-3176"	1.30101626411775	2.57984413816532	1.49169262966991	0.163724738774231	0.76874712693863	-4.98865987762268
"miR-27b-3p"	1.09818578231957	9.70197586309818	1.80946639721599	0.097592849214463	0.734904796024008	-4.99717946459392
"miR-204-3p"	1.16175359258705	3.77212119442545	1.6416966240719	0.128736760931447	0.761449295907614	-5.00677662824875
"miR-7854-3p"	1.0817256438727	2.02280811247259	1.64382082051404	0.128292579129681	0.761449295907614	-5.0116668235618
"miR-6124"	-1.00383353234119	7.14630091810829	-1.88103457567551	0.0865226428038521	0.726314113285889	-5.02646139244211
"miR-4690-5p"	-1.00042553806125	4.84244948959102	-1.70830550121309	0.11544008078178	0.761449295907614	-5.03032755277498
"miR-21-5p"	1.33087723252701	12.4802388585092	1.80252706724246	0.0987321975464155	0.734904796024008	-5.03418016197249
"miR-27a-3p"	1.09024185091981	12.1867280328746	1.77311550904417	0.103696478171097	0.740867609101933	-5.05916664898114
"miR-6723-5p"	1.19185056127749	5.15973330699132	1.57970206385277	0.142312147431479	0.761449295907614	-5.06352379043479
"miR-1248"	1.68345610392817	4.61503101022022	1.48374120135459	0.165789494215461	0.76874712693863	-5.07713183568734
"miR-6892-3p"	-1.11762873051009	5.1109715737599	-1.60120575895092	0.1374672867634	0.761449295907614	-5.07725109098018
"let-7i-5p"	0.998508142041611	9.00846056485655	1.74922603880822	0.107893760996614	0.752252979164462	-5.07844277742404
"miR-186-5p"	0.974424139583568	7.03549060914696	1.68395739023339	0.120151425010885	0.761449295907614	-5.08493134084429
"miR-3654"	-1.19090140484626	3.66356325035087	-1.41436915871303	0.18476549136661	0.787703754340493	-5.10622390308584
"miR-3609"	1.28501769085265	4.16765941671523	1.40276045013389	0.188113879849909	0.787703754340493	-5.12055662200253
"miR-31-5p"	1.26651846431292	10.8911662532903	1.7286400603933	0.111632819842281	0.752252979164462	-5.12441486493426
"miR-92b-3p"	1.36081805540683	7.73047678919727	1.60724237808329	0.136133499206832	0.761449295907614	-5.12555514338234
"miR-4734"	-0.969104571770282	5.72209501859344	-1.61195213807468	0.135100794509638	0.761449295907614	-5.14321772451945
"miR-6860"	-1.07785147923727	3.91405493483253	-1.54988072831397	0.149277722069132	0.76874712693863	-5.14924101139716
"miR-331-3p"	1.16041202128824	5.74352883625264	1.48084486102325	0.166547115589434	0.76874712693863	-5.14929274672674
"miR-218-5p"	1.32281179501956	3.60982717424027	1.37405601813148	0.196612668166387	0.787703754340493	-5.15661080982357
"miR-6789-5p"	1.13407203968521	3.89492450616549	1.57316172998108	0.143815044083732	0.761449295907614	-5.15761892919044
"miR-6812-5p"	-1.02011330782458	4.1148483233017	-1.59980935669511	0.137777450826897	0.761449295907614	-5.15990813986464
"miR-6511b-3p"	-1.04000255832348	4.9367962152725	-1.497365325336	0.162265229121803	0.76874712693863	-5.16533665363387
"miR-378e"	1.3213873108211	4.28517593572831	1.36972579697015	0.19792219122552	0.787703754340493	-5.18069333497873
"miR-2467-3p"	-0.984996582336161	4.37113695635879	-1.5500402970704	0.149239674516694	0.76874712693863	-5.18458023794095
"miR-421"	1.17139697111745	3.82023500337994	1.33918747122046	0.207364969186868	0.808443044594397	-5.18705944206372
"miR-564"	1.15280817162638	4.22447345096881	1.38374142452194	0.193709819727162	0.787703754340493	-5.18851764847924
"miR-1976"	-1.38317889003933	4.5786162032468	-1.38580321621976	0.193096521286071	0.787703754340493	-5.19925566528531
"miR-6775-3p"	-1.10835510301332	4.6244512168515	-1.41203704163747	0.185434102126455	0.787703754340493	-5.20046368513522
"miR-6792-3p"	-1.08985620423022	4.13153262579292	-1.38092349224944	0.194550673508454	0.787703754340493	-5.20619858851454
"let-7e-5p"	1.04256090998523	6.94741482321465	1.61995359631626	0.133362123109479	0.761449295907614	-5.20844772984826
"miR-194-5p"	1.33134286080993	4.19547528402594	1.32251241803737	0.212676466682752	0.808443044594397	-5.22513887668926
"miR-7845-5p"	0.991101589990482	4.09901869891123	1.50117761349124	0.161290672256857	0.76874712693863	-5.2274847924071
"miR-1913"	-0.994384415488771	5.42564938621535	-1.45045400281235	0.174676835518934	0.76874712693863	-5.23861272688592
"miR-6877-3p"	-1.04868413842453	5.42338666618489	-1.43873723454916	0.17790013711152	0.775696921375964	-5.24704896063335
"miR-1225-3p"	-0.967429684381577	6.70956793371582	-1.57414689707694	0.14358778025157	0.761449295907614	-5.2533879036138
"miR-30a-3p"	1.03327567211364	5.32217353197594	1.45484665619322	0.173481271040143	0.76874712693863	-5.2549774842432
"miR-4322"	-1.23770387450728	4.22259922124818	-1.51483870646744	0.157839668999402	0.76874712693863	-5.25570155851923
"miR-222-3p"	1.02802006235202	9.66427830837297	1.6308378422569	0.131028711473139	0.761449295907614	-5.25777780588472
"miR-664b-5p"	1.28709305492479	4.18551653721212	1.29436076075733	0.221897146846467	0.808443044594397	-5.25844938275413
"miR-5703"	0.971435921770402	3.32084309910558	1.4512140025379	0.174469483624258	0.76874712693863	-5.26530441269732
"miR-99b-3p"	1.13121886067956	3.749384707455	1.26605663908032	0.231494118499506	0.808443044594397	-5.27146905107679
"miR-1910-5p"	-1.09109971581735	3.84141706753211	-1.30026985712105	0.219935063250764	0.808443044594397	-5.272933063644
"miR-1234-3p"	-1.10806926348844	3.94391892175605	-1.27433281427088	0.228653740030265	0.808443044594397	-5.2859890314805
"miR-345-5p"	1.092681752713	4.89731642056986	1.2746055954022	0.228560604966501	0.808443044594397	-5.30112285536561
"miR-6516-5p"	1.17950239387603	4.36285691150703	1.26308319805931	0.232521550141313	0.808443044594397	-5.30114318243711
"miR-19a-3p"	0.881503247010528	8.63427649924105	1.57889112322937	0.142497743954326	0.761449295907614	-5.30274443829566
"miR-6741-5p"	1.37585724086775	10.5578998168387	1.58235959814734	0.141705409659575	0.761449295907614	-5.3136681725679
"miR-29b-3p"	1.06871838809862	9.79280568276133	1.57684610369681	0.142966718843413	0.761449295907614	-5.31849922380216
"miR-1260b"	-0.815613840016339	10.210604315475	-1.59956140574007	0.137832589028272	0.761449295907614	-5.32025470196843
"miR-6845-3p"	-0.86260498665783	6.67060253231701	-1.50612888401395	0.160032470916784	0.76874712693863	-5.32489658400352
"miR-4783-5p"	-0.862940946203794	5.65532625759938	-1.49694837124942	0.162372123936821	0.76874712693863	-5.33023083632476
"miR-191-5p"	0.861542389302262	7.96250326486354	1.53884778561053	0.151928931899786	0.76874712693863	-5.33164018685158
"miR-30e-3p"	0.988125232313313	5.29839634610307	1.31814443375756	0.214086165114386	0.808443044594397	-5.37250142560869
"miR-1271-5p"	1.0236221504876	4.96308007164583	1.22308347252373	0.246703663856572	0.808443044594397	-5.3775268308074
"miR-181a-5p"	0.904962457764602	9.03264805908474	1.51868851326606	0.156878724003503	0.76874712693863	-5.39201159257714
"miR-6820-5p"	-1.00350424026327	3.9083991976263	-1.25254380264982	0.236193008873861	0.808443044594397	-5.40162005700955
"miR-3934-5p"	-1.01503097770163	4.27829704941616	-1.1895883439295	0.25910377076579	0.808443044594397	-5.40208430795677
"miR-6879-3p"	2.05794132089496	3.59438093597109	1.18651325111614	0.260266469426894	0.808443044594397	-5.41704993621262
"miR-1292-3p"	-1.43026075065886	3.83191444784996	-1.2737482084261	0.228853444427047	0.808443044594397	-5.41890192139034
"miR-196b-5p"	0.970040026003094	3.75140877979571	1.1837919655409	0.261298821249799	0.808443044594397	-5.43375734342935
"miR-200a-3p"	0.912401221758136	8.4950449380048	1.46716566595363	0.170165474536881	0.76874712693863	-5.4412717220179
"miR-1973"	0.823259209943656	10.952099886653	1.52901762974972	0.154325418072867	0.76874712693863	-5.44402208595814
"miR-18b-5p"	1.04639730405196	4.71736219376204	1.13837038202692	0.279009202560732	0.808443044594397	-5.45849502126402
"miR-376c-3p"	-1.04948512723429	7.66855747892249	-1.46798645986554	0.169946483253052	0.76874712693863	-5.46350089940159
"miR-378a-3p"	0.984027047580219	5.99911290533351	1.14801398678664	0.275173002456262	0.808443044594397	-5.46861145527897
"miR-30b-5p"	0.790001933597243	9.21757907766396	1.4725961504052	0.16872106492311	0.76874712693863	-5.47162567768803
"miR-425-5p"	1.15203490677316	6.21580264599577	1.11860667038901	0.28700046724422	0.808443044594397	-5.48970554329133
"miR-6862-3p"	-1.00729450590109	4.36381041591205	-1.11542647611776	0.288302653616081	0.808443044594397	-5.49544596516355
"miR-106b-5p"	0.827806001987773	8.28903640972234	1.40140039609676	0.188509489876085	0.787703754340493	-5.50714872152869
"miR-6722-3p"	-0.841882796260912	4.9575156813029	-1.22590319457756	0.245681741081822	0.808443044594397	-5.5151332705543
"miR-365a-3p"	0.748639277602709	7.56005447509556	1.4217291843793	0.18266871178269	0.787703754340493	-5.51818136409569
"miR-4667-5p"	0.84400483985311	3.58113619671005	1.18369092348041	0.261337214791292	0.808443044594397	-5.5182412844686
"miR-548at-5p"	0.757888562668269	5.16100899981044	1.37878681176967	0.195190277877252	0.787703754340493	-5.52650117016401
"miR-205-3p"	0.884696177843653	4.37459713993092	1.0483268317284	0.316843074758981	0.822653629634032	-5.53552611051459
"miR-342-3p"	0.763515465489623	7.01255717675664	1.37909818538167	0.195096960559427	0.787703754340493	-5.53655096058465
"miR-1202"	-0.965553028335657	5.15366792922516	-1.24454528354477	0.239010410717212	0.808443044594397	-5.5407503445313
"miR-7158-5p"	0.836470633213364	3.74648892038853	1.16540191307449	0.268360020219941	0.808443044594397	-5.5433616404957
"miR-6746-3p"	0.754573235680499	5.1685525882454	1.35143691954271	0.203533399636652	0.80463537323023	-5.54855426074469
"miR-616-3p"	-0.853036600777352	4.47085488399088	-1.06364825398402	0.310145913946774	0.81971179482974	-5.54931829114029
"miR-505-3p"	0.969046981088374	3.70927329241363	0.981307377822164	0.347407057961679	0.839944476977527	-5.56553521127537
"miR-6760-5p"	-1.11242415152495	3.77915627213415	-1.20055873566871	0.254989240531231	0.808443044594397	-5.56592273936419
"miR-1225-5p"	0.764956384745635	5.34261014825174	1.31812590945558	0.214092159858575	0.808443044594397	-5.56597808363627
"miR-130b-3p"	0.967793071927538	6.29956569684155	1.0591294790994	0.312109963484252	0.81971179482974	-5.57012465901263
"miR-181d-5p"	0.96776080048022	6.60708338837135	1.18641597008674	0.2603033186235	0.808443044594397	-5.57837326450622
"miR-6804-3p"	-0.860094300373179	5.62107470347057	-1.24612824027552	0.238450694045892	0.808443044594397	-5.57849313843852
"miR-93-3p"	-0.84797244479364	4.17401217525761	-1.02550882935057	0.327016545589773	0.832278161093284	-5.57871457001843
"miR-4685-5p"	-0.864154061312828	3.21466615224017	-1.15586522244125	0.272080203923803	0.808443044594397	-5.57996984541815
"miR-4728-3p"	-0.826436635174978	5.48073264748766	-1.15760490537021	0.271398581933299	0.808443044594397	-5.58213285694278
"miR-1229-3p"	-0.761635228772172	5.4460610557727	-1.29133156473225	0.22290850157914	0.808443044594397	-5.59177562438708
"miR-4421"	-0.805932342397284	3.98291395384244	-0.972072924667358	0.351781307808825	0.839944476977527	-5.59216070759775
"miR-4271"	-0.735195629234568	9.895315569899	-1.44923489019531	0.175009885559385	0.76874712693863	-5.59749156972961
"miR-6884-3p"	-0.93844495647245	3.75320087266441	-0.974499665807406	0.350627953047752	0.839944476977527	-5.60016129536677
"miR-6819-3p"	-0.855571085831245	3.93667036109521	-0.997819966993772	0.339683875823339	0.839944476977527	-5.60163010282256
"miR-4797-5p"	-0.810394864200769	4.31536858628814	-1.21891461027391	0.248220755714191	0.808443044594397	-5.60362672648897
"miR-664a-5p"	1.01695874655685	3.34658589067699	0.929597413004484	0.37241223430969	0.855617414190874	-5.60459896914703
"miR-4436b-3p"	0.849175494453106	3.5316492441272	1.14760795001016	0.275333691621756	0.808443044594397	-5.62437755298918
"miR-4327"	-0.765521164644792	3.3834170966388	-1.17013269463767	0.26652941252613	0.808443044594397	-5.63570317043273
"miR-129-2-3p"	-0.729748266408045	5.32022327564029	-1.29168951935153	0.222788796082619	0.808443044594397	-5.64017025714583
"miR-320e"	0.802263726825959	6.38592380289591	1.06180314673467	0.310946749078229	0.81971179482974	-5.64213469720814
"miR-4640-3p"	-0.8313241911315	3.80122924952698	-1.10618132055011	0.292114022097808	0.80940711853349	-5.64715782031042
"miR-196a-5p"	0.857380032925535	3.40880959403601	0.880960005805898	0.397068169852859	0.868861345840389	-5.64890500527876
"miR-3197"	-0.665701024328223	11.5788373031107	-1.37305883681015	0.196913588277029	0.787703754340493	-5.65179300116037
"miR-6849-5p"	-1.00805188224639	3.35605845813327	-1.19925329634198	0.255476126892582	0.808443044594397	-5.65245206714186
"miR-185-5p"	0.811491453715254	5.13910772657685	0.943802897527277	0.365418957260671	0.851773710014041	-5.65304628929429
"miR-181b-5p"	0.733239701709965	7.88728172866473	1.22220699784115	0.2470220060988	0.808443044594397	-5.6531181071502
"miR-200b-3p"	0.826663837454957	8.47606923956273	1.29746471994026	0.220864719107497	0.808443044594397	-5.65393685636466
"miR-374b-5p"	0.913504340978465	6.27381666592626	0.987980378123053	0.344270775160887	0.839944476977527	-5.65614920568883
"miR-24-2-5p"	0.771994985551487	4.51587517674911	0.898725321857721	0.387934600865173	0.858377680272566	-5.65854239039878
"miR-4265"	-0.834700864087301	3.62337710234727	-0.905185324764934	0.384649797164263	0.855617414190874	-5.66220007346
"miR-361-5p"	0.8340686009184	6.37908304099664	1.05860108536117	0.31234023454224	0.81971179482974	-5.66598906239533
"miR-3615"	-0.869098018272029	4.22827307998648	-1.03039768847461	0.324816688127146	0.832278161093284	-5.66746274114875
"miR-301a-3p"	0.966031186167524	6.33420812979313	0.911857011266863	0.381277763929238	0.855617414190874	-5.66803449607669
"miR-15a-5p"	0.836832503068665	8.424259947418	1.28380986903455	0.225436019511155	0.808443044594397	-5.67017842042817
"miR-6890-3p"	-0.819283443175729	4.00666836057817	-1.01939992702326	0.329780865214464	0.835726722530672	-5.6712500585872
"miR-29a-3p"	0.764328433501574	10.1577961281423	1.30544316368064	0.218228960677062	0.808443044594397	-5.67326920997876
"miR-6511a-3p"	-0.813495684580243	3.70892221338348	-0.893279612015818	0.390718752431194	0.860930406417945	-5.67576873792532
"miR-766-3p"	-0.856373377851104	5.59080439949208	-0.970161459601846	0.352691694380109	0.839944476977527	-5.68269693588149
"miR-663b"	0.731551340416789	6.47845156263012	1.12214857917094	0.285555502410854	0.808443044594397	-5.68299128985846
"miR-422a"	0.747042603731759	4.67894025656871	0.90401338453029	0.385244265748673	0.855617414190874	-5.68345423110875
"miR-6810-3p"	-0.778490397589234	3.86624937345983	-0.910236743755268	0.382094779924926	0.855617414190874	-5.68364090939874
"miR-6805-3p"	-0.757449012747649	4.97402737124848	-1.12534535230279	0.28425615791547	0.808443044594397	-5.68477468377113
"miR-107"	0.732107996124447	7.85612208140083	1.22295272487613	0.246751131597281	0.808443044594397	-5.68747131657717
"miR-7110-5p"	-0.721073091983064	5.99278366503053	-1.26013823344421	0.233542773258832	0.808443044594397	-5.68750864828375
"miR-324-5p"	0.752979274911623	4.92123105037028	0.890798291268232	0.391991921977817	0.860930406417945	-5.68802301450242
"miR-1199-5p"	0.753003871956863	4.82589576772534	1.14309103244261	0.277126187299797	0.808443044594397	-5.68905670661525
"miR-1273g-5p"	-0.798627615114364	4.19453684218883	-0.876037379598702	0.399624994528316	0.869083489019031	-5.69122119323133
"miR-3127-3p"	-0.737006245788969	3.67796015057682	-0.836083516652501	0.420793381529701	0.888008808708586	-5.70127794699757
"miR-1273c"	-0.721150988499284	5.8834455219153	-1.18780002754386	0.259779436895896	0.808443044594397	-5.70248706011203
"miR-7977"	-0.761373290180261	8.36232873508341	-1.27312772999186	0.229065557838933	0.808443044594397	-5.70703365375041
"miR-584-5p"	0.673176589322255	2.86625071188016	0.769250211929425	0.457848495778818	0.88811174789722	-5.73262938125317
"miR-598-3p"	0.668360582900631	2.78308515297371	0.779913366513254	0.451799418307007	0.88811174789722	-5.73435946939177
"miR-6763-3p"	-0.67682426398577	6.75292175827309	-1.20328002829973	0.253976651370544	0.808443044594397	-5.7376699734046
"miR-16-5p"	0.653186730329565	11.7127641749383	1.25219878412361	0.236313983800656	0.808443044594397	-5.74633238903754
"miR-6071"	0.724876390320308	3.8270761348901	0.925733250776438	0.374330804701433	0.855617414190874	-5.74682385840078
"miR-183-5p"	0.678255737486935	5.47863522214864	0.861902396687503	0.407029347670494	0.871125044028533	-5.7470318302428
"miR-1343-5p"	0.719656033714229	5.85620362988988	1.20492267817705	0.2533669688699	0.808443044594397	-5.75832458888104
"miR-151a-3p"	0.687837967149581	6.8442139125792	0.934411588451846	0.370031712476655	0.853808581706833	-5.76075358582341
"miR-3607-3p"	-0.818747808819985	3.05460403317603	-0.719107351880545	0.486981727801186	0.88811174789722	-5.77203784747331
"miR-6880-3p"	-0.674394442017622	6.4193319305318	-1.16263218298716	0.269436345880841	0.808443044594397	-5.77515257021678
"miR-6858-3p"	-0.657492687411232	7.279294457576	-1.21260259408447	0.250531908006701	0.808443044594397	-5.777182709559
"miR-1229-5p"	0.687258717935735	3.95965718150207	0.99852585852939	0.339356536195313	0.839944476977527	-5.77854600175144
"let-7c-5p"	0.69202539440679	9.86405364621143	1.21380944078245	0.250088700116268	0.808443044594397	-5.78045633639148
"miR-328-3p"	-0.655009070765828	3.73220931493213	-0.760132750286397	0.463061630168281	0.88811174789722	-5.78075543525982
"miR-26a-5p"	0.659592599874427	10.6003273900044	1.20990253110409	0.251525754355271	0.808443044594397	-5.78146440403575
"miR-7108-3p"	-0.654119903893532	5.65342794657539	-1.09313935674831	0.297556073929681	0.80940711853349	-5.7834084186135
"miR-4479"	-0.633226562068611	3.95998903307835	-0.799646985708219	0.44074147063697	0.88811174789722	-5.78441095458042
"miR-4252"	-0.688024858989979	3.69221394568817	-0.712122514809631	0.491129072198506	0.88811174789722	-5.79440605129667
"miR-566"	-0.752033020601167	5.47166611967303	-0.875123645190261	0.400100830526468	0.869083489019031	-5.79615210676591
"miR-664b-3p"	0.779118685618026	4.10130546395906	0.725088727032044	0.483447402392592	0.88811174789722	-5.79677253340068
"miR-93-5p"	0.70209100602249	8.72931656150167	1.16354220012543	0.269082338558052	0.808443044594397	-5.80735531695143
"miR-484"	0.677465902241221	5.3094866437502	0.798466571614986	0.441397921953038	0.88811174789722	-5.81201807545853
"miR-6727-3p"	-0.676165003512977	4.3713552489049	-0.807241294993299	0.436533402183841	0.88811174789722	-5.81468587598528
"miR-664a-3p"	0.564349105827559	3.75546110816399	0.67269518568717	0.51494151441933	0.890263317931962	-5.82116217004227
"miR-6511a-5p"	-0.684332694660542	4.66768203493087	-1.04641611593871	0.31768580301213	0.822653629634032	-5.82235570172597
"miR-1249"	0.553917293625849	3.97088904355547	0.649803564906243	0.529076009568686	0.893852061749945	-5.82822852128721
"miR-6797-5p"	0.795309354647884	4.54304563349788	0.995140652487581	0.340928441364479	0.839944476977527	-5.82951941868727
"miR-139-5p"	-0.615483436967917	3.97991576477444	-0.659203756143682	0.523244692331408	0.893852061749945	-5.83435903290189
"miR-4442"	0.626534970578163	4.80715508100197	1.03626383056401	0.322191593182457	0.830693977205205	-5.83797051866321
"miR-548az-5p"	-0.685233437099903	4.62741807063779	-0.766711908210779	0.459296051831688	0.88811174789722	-5.84126704762566
"miR-4306"	0.671514690642523	4.70731000798302	0.776185978996848	0.453908044036331	0.88811174789722	-5.84274046956114
"miR-452-5p"	0.530926234904721	3.17167400287846	0.622496960425026	0.546227285707227	0.901615724765189	-5.84296216130811
"miR-149-5p"	0.609159156483368	5.28560712227608	0.687367934861567	0.506000508778615	0.88811174789722	-5.84343431060151
"miR-455-5p"	0.599852549972103	4.38488043128601	0.661122638637904	0.52205896816784	0.893852061749945	-5.84515874116103
"miR-30a-5p"	0.772196878486394	8.4658945604299	1.09385632272021	0.297254909659806	0.80940711853349	-5.84541129186547
"miR-130a-3p"	0.701178230642337	9.3123590360662	1.1425728097034	0.277332417340496	0.808443044594397	-5.84675066428141
"miR-4674"	0.827166304048943	7.13077418916353	1.11036357574233	0.290385107080281	0.808443044594397	-5.84704915009945
"miR-455-3p"	0.62069562435191	5.39830326381386	0.797220689869933	0.44209147336649	0.88811174789722	-5.85351631130775
"miR-5095"	-0.718970408221492	10.2134880587527	-1.13759355061197	0.279320020390327	0.808443044594397	-5.86475429216369
"miR-7108-5p"	0.597444371141119	6.62861695117514	1.11776499118985	0.287344666536958	0.808443044594397	-5.86779868402957
"miR-4736"	0.558710595310534	2.78514889177837	0.633097800502688	0.539531713434127	0.901245932581514	-5.86887081713785
"miR-6512-3p"	0.586972629473731	5.36806835705079	1.07208484206323	0.306503942044069	0.81971179482974	-5.87610901313651
"miR-1224-5p"	-0.550475653235277	3.64208222818731	-0.558585158888036	0.587568493849662	0.915636355972324	-5.88267476368455
"miR-532-5p"	-0.552757087867484	4.52909548253173	-0.595264218698211	0.56364078826834	0.903494262326212	-5.8832451567023
"miR-17-3p"	0.683908448212262	5.89138972254698	0.65307853575768	0.527040139921123	0.893852061749945	-5.8841949445461
"miR-212-3p"	-0.532607374733851	4.45054786611302	-0.62291450821064	0.545962672934648	0.901615724765189	-5.88739726640159
"miR-6753-5p"	0.713062694050313	3.9208114449672	0.722749337002184	0.484827827978529	0.88811174789722	-5.89152092263635
"miR-221-3p"	0.676130546409573	10.0337252454109	1.11973258751415	0.286540526800119	0.808443044594397	-5.89623180528929
"miR-1244"	-0.520528513382017	4.43837448395098	-0.600882622853926	0.560023317260867	0.903114451242173	-5.89895754813566
"miR-4763-3p"	-1.26915380977877	7.31798986657811	-1.09355760104128	0.297380360595863	0.80940711853349	-5.90166046422292
"miR-1203"	-0.687125289299222	4.52506816654105	-0.994745932673279	0.341112073257752	0.839944476977527	-5.90623361877425
"miR-23b-3p"	0.57913933183691	11.9491162806275	1.11106540432542	0.290095746439903	0.808443044594397	-5.91196600977133
"miR-1288-5p"	0.596445858833127	3.85856193654275	0.720255236490854	0.486302223893596	0.88811174789722	-5.92558604089811
"miR-6824-5p"	0.5709660628928	3.67668919855618	0.804122134668422	0.438258552847696	0.88811174789722	-5.93017616341059
"miR-20b-5p"	0.591036778954846	8.69493539643001	1.07173516853383	0.306654247789622	0.81971179482974	-5.93324864074221
"miR-10a-5p"	-0.558190529323646	4.65090719546983	-0.554339793222243	0.590372307102394	0.915636355972324	-5.93568347690874
"miR-3154"	-0.720949505855678	3.04297680137287	-0.815900261388831	0.431767710649471	0.88811174789722	-5.93648799570533
"miR-7109-5p"	0.542944215721146	3.31576588245144	0.80683767381221	0.436756386150791	0.88811174789722	-5.93689686912847
"miR-4732-3p"	-0.471068678905176	4.20566457816837	-0.568688143016923	0.580924449930891	0.912102567908879	-5.93794844581811
"miR-129-1-3p"	-0.60980241277966	3.88799583491122	-0.721177665936811	0.485756604672755	0.88811174789722	-5.94195232877004
"miR-6850-5p"	-0.569712415405198	5.86493431902436	-1.00906380189822	0.334497241382192	0.839944476977527	-5.9472811286953
"miR-424-5p"	0.579922818895189	7.43011599687492	1.05529221744266	0.313785122135499	0.81971179482974	-5.94782907174888
"miR-7-5p"	0.558233991896521	9.23334707406048	1.06584478728167	0.309194573854656	0.81971179482974	-5.94791561649652
"miR-1269b"	-0.472564614298207	4.50889377130093	-0.564527084819086	0.583656035781494	0.913213797410094	-5.94858312756381
"miR-532-3p"	0.493786473875715	4.69094217862504	0.490627498222329	0.633272907334686	0.918435059110332	-5.95048657205423
"let-7b-5p"	0.596094221874715	10.2642203373108	1.05669735604102	0.313170927076378	0.81971179482974	-5.95049029214601
"miR-503-5p"	-0.495615548194789	3.83586978017264	-0.571631224458694	0.578996549853567	0.912102567908879	-5.95257794970677
"miR-1227-3p"	-0.482428831478843	3.78149073657722	-0.475084511611466	0.643964558460567	0.918435059110332	-5.95453722868873
"miR-378i"	0.427731385684542	4.89390766991702	0.482659395537143	0.638743272999126	0.918435059110332	-5.95610381253014
"miR-6516-3p"	0.407115996866392	3.64809074543031	0.453366490950892	0.659045271361459	0.918435059110332	-5.95655234528855
"miR-877-5p"	-0.6051148903199	4.08005784588561	-0.62657832830669	0.543643909918934	0.901615724765189	-5.95736407996251
"miR-378f"	0.434658013233605	4.79150219439627	0.457191278269824	0.656377634905978	0.918435059110332	-5.96136649231863
"miR-708-5p"	0.655002973893615	7.54866927186192	0.94204950037446	0.366277059112277	0.851773710014041	-5.96199483539183
"miR-34c-5p"	-0.342509376563859	4.05423434320894	-0.405807428624561	0.692619660751964	0.92492329029156	-5.97237955112428
"miR-6877-5p"	0.569879561513274	5.45144803909069	0.982074765714014	0.347045337391114	0.839944476977527	-5.97935247629478
"miR-582-5p"	-0.306813996812141	2.8804583180777	-0.324754010866625	0.751423321109951	0.92492329029156	-5.9837623953276
"miR-130b-5p"	0.353290018927676	4.10202268106046	0.373239654872419	0.716020615019862	0.92492329029156	-5.98567566407391
"miR-148b-3p"	0.543755955748589	7.32101016562269	0.982998153547138	0.346610446040392	0.839944476977527	-5.98614007146912
"miR-5684"	-0.324437855409132	3.96807685033266	-0.38720092399214	0.705949973588355	0.92492329029156	-5.98715736522801
"miR-320b"	0.59450151528808	7.47229101308108	0.856554790224944	0.409854784627252	0.871125044028533	-5.98852417674535
"miR-4488"	0.531396872664393	12.9918005388975	1.1342681033652	0.280653597429018	0.808443044594397	-5.9910392999407
"miR-6851-5p"	-0.553653206551315	3.37270109839433	-0.665480149644855	0.519372215378423	0.893852061749945	-5.99255012857989
"miR-10b-5p"	0.433735234750438	4.51429937242526	0.533315346085641	0.604360362091967	0.916303196148254	-5.99389115910568
"miR-1307-3p"	0.314484201258569	4.04530644597989	0.360739848027441	0.725085194072031	0.92492329029156	-5.99429235923512
"miR-15b-3p"	0.380455529733357	4.02578227868014	0.340026009111231	0.740202995640019	0.92492329029156	-5.99602820207506
"miR-224-5p"	0.538088414789725	7.20788768321457	0.976679679514295	0.349594192830167	0.839944476977527	-6.00026585650884
"miR-370-3p"	-0.537404854961402	3.59860244826871	-0.742831729831225	0.473057098597786	0.88811174789722	-6.00297549794533
"miR-376b-3p"	0.397735874497222	3.64104207002603	0.504969961002868	0.623483895166695	0.918435059110332	-6.00450191198529
"miR-4284"	0.566525878823267	11.6822272570225	1.09356845252273	0.297375802709776	0.80940711853349	-6.00653840999295
"miR-877-3p"	-0.332730766435732	4.08785295326121	-0.398448162418806	0.697879425945318	0.92492329029156	-6.00811618748447
"miR-500a-5p"	-0.212110932804058	3.43655572783543	-0.208754861665058	0.838432181067115	0.959264352082788	-6.01019134674782
"miR-6887-5p"	0.564524428050264	3.76195225041727	0.807045338192858	0.436641650849403	0.88811174789722	-6.01032137649737
"miR-33a-5p"	0.510964687881301	6.58261219769849	0.915910613573265	0.379239103288367	0.855617414190874	-6.01307714403806
"miR-6087"	0.515277559503994	14.2000951812152	1.14755422427727	0.275354959061835	0.808443044594397	-6.0146911063102
"miR-378b"	-0.197103405573657	3.35832549270588	-0.182428015400648	0.858545622532046	0.962498791959565	-6.01573084072737
"miR-34a-5p"	0.51210809225046	5.97464103726322	0.502025870690645	0.625487202978931	0.918435059110332	-6.02051103530848
"miR-148a-3p"	0.515194450574889	9.52391944380786	0.977651905499464	0.349133875971215	0.839944476977527	-6.02130924698222
"miR-23a-3p"	0.512056190513867	12.7101881368442	1.02698656532711	0.32635044300468	0.832278161093284	-6.02471467748833
"miR-378d"	0.290507084612366	4.66131375806928	0.294906450744842	0.773524004749418	0.932043308103129	-6.02686539298332
"miR-6882-3p"	0.355055911915628	3.67449911150116	0.296410142594064	0.772405375950294	0.932043308103129	-6.02930204672606
"miR-4430"	0.289481992269046	3.42007908239718	0.346355994810713	0.735570601281842	0.92492329029156	-6.02982832360118
"miR-6732-3p"	-0.53735462627491	4.90205847859132	-0.791861288960123	0.445083019358507	0.88811174789722	-6.03011534111967
"miR-126-3p"	0.552471081274116	6.23573531671877	0.92084443939813	0.376768087227819	0.855617414190874	-6.03024472775633
"miR-1281"	-0.318360098869774	3.69546067541749	-0.366786710293019	0.720694552964326	0.92492329029156	-6.03129549578507
"miR-4253"	0.245546133353684	3.42393592635918	0.266219998512753	0.79496444035449	0.945897088629064	-6.03139739795505
"miR-590-5p"	0.415447595297563	5.68142455269038	0.517175570837271	0.615212553735184	0.91663578986172	-6.03207281597831
"miR-3652"	0.421929927403267	4.55767323196544	0.601875367828625	0.559385463826992	0.903114451242173	-6.03379932231252
"miR-7150"	0.520312608946414	8.22904086251814	0.953144054025234	0.36087158171324	0.846185558189921	-6.03433419403631
"miR-18a-3p"	-0.101678151338631	3.24248332361646	-0.110793523673884	0.913763826488189	0.970365391732482	-6.03513616207159
"miR-181a-2-3p"	-0.146245308650447	3.36882653775896	-0.142453340662925	0.88928231161025	0.968467816363036	-6.03575500360645
"miR-221-5p"	-0.356135414991224	4.85637752882011	-0.475255655051641	0.643846368153109	0.918435059110332	-6.03773404270031
"miR-941"	0.0973192511660639	3.75477552586041	0.115863509757953	0.909836383919579	0.970365391732482	-6.03887167694876
"miR-6893-5p"	0.460442022413314	3.31890453385341	0.68491947667101	0.507486007236535	0.88811174789722	-6.04117670709057
"miR-125a-5p"	0.509844841992931	8.34131974839246	0.962657217756881	0.356282213664448	0.845101410812072	-6.04419904667393
"miR-4792"	-0.497776397497937	14.464015809118	-1.15115513061117	0.273932358516813	0.808443044594397	-6.04496249023732
"miR-106b-3p"	0.182325767330262	4.85673102964873	0.217822106667535	0.83153188771529	0.959264352082788	-6.04620524459273
"miR-296-5p"	-0.0726486666578134	3.93965912360321	-0.0717831258587301	0.944055343547511	0.977206642577625	-6.04679945826176
"miR-6127"	-0.524616581243598	4.68013133200352	-0.82696404534765	0.425728680146211	0.88811174789722	-6.05100118207464
"miR-6763-5p"	-0.538961252537595	6.72013746043914	-0.953233349875613	0.360828307552844	0.846185558189921	-6.05137372175251
"miR-301b"	-0.0124596641355119	3.88243074012186	-0.0138920852409835	0.989163353183432	0.997574606186693	-6.05193805279086
"miR-320c"	0.502188366629654	7.48743705787511	0.804194011851802	0.438218748633632	0.88811174789722	-6.05204350402487
"miR-4726-5p"	-0.491707757158069	4.44815578870718	-0.758051143492297	0.464257113824867	0.88811174789722	-6.0533483949222
"miR-193a-5p"	-0.161699582449063	3.83579364046982	-0.157535253293083	0.877660514110779	0.968157632465674	-6.053458880469
"miR-4722-3p"	-0.180103429250948	4.03711721973497	-0.215002499989244	0.833676089305367	0.959264352082788	-6.05465363383596
"miR-6775-5p"	-0.493333921976526	6.45707350437404	-0.919517611210171	0.377431489654537	0.855617414190874	-6.0595679859034
"miR-3173-5p"	0.48759918211326	4.8880098732063	0.856977954008015	0.409630720296079	0.871125044028533	-6.0631375970205
"miR-873-5p"	-0.0306064488973372	4.22238474572965	-0.0330439261395046	0.974227996178226	0.990723421537455	-6.06367168232021
"miR-8071"	0.337121886938751	3.99475278763315	0.367864627377574	0.719912971042918	0.92492329029156	-6.06440632380107
"miR-33b-5p"	-0.160672211706912	5.10106232850809	-0.140806734698082	0.890552848528514	0.968467816363036	-6.06554655589157
"miR-103a-2-5p"	0.0230983102076928	4.28049019779414	0.0220957514971531	0.982764933725671	0.996204454186876	-6.06604897120663
"miR-874-3p"	0.100841884099832	4.23734350042256	0.118167287360194	0.908052596124957	0.970365391732482	-6.06727674185334
"miR-1307-5p"	0.165789802984178	4.01458317017901	0.185471002811215	0.856215153784888	0.962498791959565	-6.06790019121322
"miR-6777-3p"	-0.445462131722366	4.67547397942994	-0.615023209392995	0.550975862275282	0.902565431848735	-6.06841746510367
"miR-19b-3p"	0.557992485735275	10.6762009276779	0.937936299239018	0.368295654340175	0.85312235556142	-6.06931216069667
"miR-9-3p"	-0.0128841320368983	3.94518642723472	-0.0156521165667031	0.987790540188717	0.997574606186693	-6.06940496298026
"miR-6875-5p"	0.484342469311514	6.08053261400152	0.758787826837592	0.463833806789046	0.88811174789722	-6.06942975151749
"miR-6500-3p"	0.0345377524013863	4.32663299705231	0.0345007671205984	0.973092240854007	0.990723421537455	-6.06979565766489
"miR-522-5p"	-0.479263964730316	3.95629227549469	-0.533934519178807	0.6039459938668	0.916303196148254	-6.07085746859185
"miR-6785-3p"	-0.260315985369106	3.83138192979874	-0.280100350546636	0.784566861125626	0.939895249792922	-6.07170045440626
"miR-6819-5p"	0.426905388136922	3.85498318591533	0.65338427470936	0.526850311678954	0.893852061749945	-6.07455834597524
"miR-378g"	0.152997150203479	5.38559033329259	0.154502874251005	0.879994880099491	0.968157632465674	-6.07474818743267
"miR-192-5p"	0.180047383229589	4.92433326592576	0.198371632871613	0.846351361558856	0.959264352082788	-6.07651086880899
"miR-7851-3p"	-0.231822415665521	4.39952261611548	-0.257808162688388	0.801286054194473	0.945897088629064	-6.07662875915905
"miR-339-5p"	-0.458736273719294	6.07894514577665	-0.740394201165501	0.474476171103001	0.88811174789722	-6.07770398255626
"miR-4525"	0.28578529132009	4.66632484459738	0.340711371245351	0.739700912582279	0.92492329029156	-6.07959382178727
"miR-1273a"	-0.492882709494027	5.99017090767168	-0.802549081642461	0.439130273075198	0.88811174789722	-6.08005052060027
"miR-582-3p"	-0.207674273511609	3.80667933734846	-0.253512102347933	0.804520371260738	0.945897088629064	-6.08433510254787
"miR-4512"	-0.176322915273747	4.65469856327839	-0.198877073839146	0.845965449049886	0.959264352082788	-6.08453146274092
"miR-548e-5p"	-0.257848097258935	4.9161170712554	-0.323440310846948	0.75239134541465	0.92492329029156	-6.08767799781514
"miR-7-1-3p"	0.0030603369905218	4.39232509371005	0.00369735991706903	0.99711574694933	0.999671625558551	-6.08996592842646
"miR-128-3p"	0.323708689654263	6.48209522116067	0.434524257588093	0.672258728326179	0.918547064279779	-6.09051559992395
"miR-1304-3p"	-0.339704743973529	4.87556357872585	-0.475156030091801	0.643915167113995	0.918435059110332	-6.09383425193442
"miR-4463"	0.53351815507596	7.47873311127579	0.907047848327993	0.383706345607863	0.855617414190874	-6.09515294600912
"miR-940"	-0.226443122306943	3.99093615263129	-0.211989242529174	0.835969115034935	0.959264352082788	-6.0965486019067
"miR-548ay-5p"	0.11796696277429	5.18249276173716	0.14579473060928	0.886705063812956	0.968467816363036	-6.09756355131934
"miR-140-5p"	-0.000398629511747961	4.26683307998535	-0.000420946255117341	0.999671625558551	0.999671625558551	-6.10209102298216
"miR-4285"	-0.452107930098314	4.89038208960874	-0.65131858650522	0.528133636866626	0.893852061749945	-6.10315648920496
"miR-1914-5p"	-0.319604434996164	5.37220848000096	-0.450949477909186	0.660733599116974	0.918435059110332	-6.10602412940085
"miR-4484"	0.436575321212235	4.93616750663827	0.698360726642329	0.499363342834136	0.88811174789722	-6.10935496005071
"miR-2861"	0.468755562739966	10.4891169098687	0.952837552420093	0.361020145399747	0.846185558189921	-6.10988027836338
"miR-527"	-0.436766424155699	4.14814352897108	-0.60022080917879	0.560448765694974	0.903114451242173	-6.1159833099615
"miR-1322"	-0.0521939629936967	4.73221646250311	-0.0653467151428399	0.949063441342539	0.978773253419349	-6.11665616373127
"miR-376a-3p"	-0.206372558090897	3.88212393204047	-0.273608809984705	0.789424266673217	0.941908632066836	-6.12041010186901
"miR-1909-3p"	0.180545974838874	4.45147914978187	0.152093960698575	0.881850143432161	0.968402101954206	-6.12071638702902
"miR-6796-3p"	0.136571259015481	3.89880350356223	0.158282265769453	0.877085639226599	0.968157632465674	-6.12138460157899
"miR-1306-5p"	0.0845067153406998	4.69410592897055	0.109548142499923	0.914728927451025	0.970365391732482	-6.12296267910251
"miR-1470"	-0.632341958749447	7.88572469071225	-0.871174204606908	0.402162004275334	0.870372512902456	-6.124972377011
"miR-195-5p"	-0.352875014870339	4.53075178556848	-0.517769791296017	0.614811277142922	0.91663578986172	-6.12603245022705
"let-7d-3p"	-0.163265240430223	4.96458720184257	-0.209389391488416	0.83794882663215	0.959264352082788	-6.13181641139225
"miR-3151-3p"	0.388562598166777	4.57723860085221	0.600911334479304	0.560004863968505	0.903114451242173	-6.13227333429649
"miR-324-3p"	0.237193698768473	5.93897122158351	0.313483340885326	0.759742660104719	0.925107592283569	-6.13235930262699
"miR-4478"	0.414515677757653	5.30792761793696	0.650953856335336	0.528360416921486	0.893852061749945	-6.13418549941274
"miR-99b-5p"	0.445235292949069	6.97388612484791	0.687881701227205	0.505689134185682	0.88811174789722	-6.13595970435417
"miR-320d"	0.436830281844975	7.26634000207037	0.710325049579317	0.492199834030778	0.88811174789722	-6.13952422333564
"miR-4486"	0.200515976598483	4.7559306975344	0.249545612174423	0.80750996306192	0.946350608884819	-6.14075730313332
"miR-17-5p"	0.479993267954533	9.56858094922202	0.867797973314422	0.40392977315793	0.871019474482372	-6.14366023666331
"miR-3175"	-0.325045507932803	2.97088861816918	-0.47871756798237	0.641457807468931	0.918435059110332	-6.14774489815024
"miR-197-3p"	0.260794363752049	5.94575307966848	0.326534086933363	0.750112350760181	0.92492329029156	-6.14862450863186
"miR-211-3p"	0.414087731646594	4.82902347379509	0.708729748631444	0.49315136027468	0.88811174789722	-6.1536262166876
"miR-4433b-5p"	0.391201360064377	4.58224184654312	0.616772273040128	0.549862491406631	0.902565431848735	-6.15388858227888
"miR-7975"	0.450065281279747	5.30433408789555	0.728529502084781	0.481421497967258	0.88811174789722	-6.15398717585339
"miR-3173-3p"	-0.414017395291096	4.70639622069768	-0.683514495587152	0.508339598029706	0.88811174789722	-6.15435670770888
"miR-6085"	-0.398560651925543	5.26984053150696	-0.694902544111635	0.501445607064545	0.88811174789722	-6.1614294498652
"miR-6895-5p"	0.000948764834331262	4.50669703579147	0.00114218900743263	0.999108994091425	0.999671625558551	-6.1622843412789
"miR-6738-5p"	0.39553456180972	4.32842831070543	0.645229938979264	0.531926802589044	0.896115323679838	-6.16629642968522
"miR-3648"	0.448224600887563	6.91700904653519	0.796036642120579	0.442751261983833	0.88811174789722	-6.16703069574349
"miR-92b-5p"	0.31488182180058	3.87008460109665	0.473988357940813	0.64472179692917	0.918435059110332	-6.17045169645323
"miR-152-3p"	0.416900148102662	7.45553792755977	0.739864188078338	0.474785084992637	0.88811174789722	-6.1778523043569
"miR-4316"	-0.296981854628273	3.57341960880495	-0.455652486700939	0.657450282702282	0.918435059110332	-6.18009978801989
"miR-4758-5p"	-0.388605782019037	5.55796281135372	-0.624795443071544	0.544771566284883	0.901615724765189	-6.18522855807113
"miR-6821-5p"	-0.398028843177365	6.22151888911335	-0.724737808260492	0.483654317110239	0.88811174789722	-6.18569206973448
"miR-1303"	-0.301064637792224	5.07091478555368	-0.428938926322944	0.676198099713578	0.919645653570103	-6.18592082533605
"miR-126-5p"	0.234878370858223	4.57967643419172	0.28406944733159	0.781601610394514	0.938238370372362	-6.18619853256774
"miR-6891-5p"	-0.620367966941059	6.64518200941237	-0.863259436274641	0.406314459852471	0.871125044028533	-6.18652362472143
"miR-4507"	-0.33470243347439	7.12548951005264	-0.539077712534249	0.600509660467727	0.916303196148254	-6.18787215559621
"miR-3187-5p"	0.0956292912173817	3.68569804758819	0.0840976696934979	0.934480753923374	0.975611068796762	-6.18866888056076
"miR-3665"	-0.407682906693991	9.28787242365307	-0.779920503244117	0.451795387041914	0.88811174789722	-6.19071036283901
"miR-18a-5p"	0.449565624849515	6.21172161707358	0.443856107964072	0.665699800705612	0.918435059110332	-6.19182939067541
"miR-6724-5p"	-0.382615496753559	6.21174929869165	-0.684593874164593	0.507683749351599	0.88811174789722	-6.19825009058679
"miR-26b-5p"	0.456887682660077	8.95508768180954	0.777283090980409	0.453286738758018	0.88811174789722	-6.19947672031955
"miR-6131"	-0.430744238468261	7.64722579583826	-0.786075325083955	0.448327404931147	0.88811174789722	-6.20064293994016
"miR-331-5p"	0.184663145195088	3.10196871820254	0.254647006492251	0.803665577471962	0.945897088629064	-6.20065657888711
"miR-4485"	0.441862529410467	11.3735677867789	0.844129190322086	0.416471119677878	0.882026335603506	-6.20245702118515
"miR-6848-5p"	0.25921646470037	3.59436705725521	0.367570766680776	0.720126012079902	0.92492329029156	-6.20387062149483
"miR-548at-3p"	-0.362667865335499	4.33575519855306	-0.496097281586662	0.629530887332172	0.918435059110332	-6.20422030116492
"miR-4638-3p"	0.397792049546751	5.57769541978268	0.721520173361156	0.485554106905043	0.88811174789722	-6.20492021401453
"miR-1268b"	-0.433214346229265	8.53293419575976	-0.760425933090642	0.462893410224283	0.88811174789722	-6.20748828544157
"miR-4454"	-0.4208190849915	8.40635449107686	-0.756336483475884	0.465243326946738	0.88811174789722	-6.20992911472054
"miR-1273e"	-0.396841639915607	8.73214304745723	-0.755098516822397	0.465956187430155	0.88811174789722	-6.2162635677454
"miR-6784-5p"	0.291156451398026	4.00456071532624	0.42457425295231	0.679283592890666	0.919645653570103	-6.21638459123772
"miR-1290"	0.561013342244958	9.78545156468201	0.751849726490798	0.467830230735715	0.88811174789722	-6.2209416359861
"miR-6798-3p"	-0.158653288482703	5.03182718670953	-0.218146944018886	0.831284952988334	0.959264352082788	-6.22399136125441
"miR-138-5p"	0.381184158060765	6.42491689513978	0.677949184620322	0.511729204434146	0.888940066246074	-6.2246736306274
"miR-24-3p"	0.476194227421353	11.0062191097704	0.76259206911296	0.461651747469545	0.88811174789722	-6.22473427588337
"miR-6075"	-0.279421224815625	2.3204300451128	-0.252174900661695	0.805527874802154	0.945897088629064	-6.22799830572121
"miR-6836-3p"	-0.363216487549868	5.71826910625646	-0.527748242596149	0.608092547276993	0.916518161785754	-6.2298680375193
"miR-8089"	0.340730244001737	4.78466656333669	0.544464486686942	0.596921420974728	0.916303196148254	-6.23236681018493
"miR-711"	-0.24349702130348	4.11448478701634	-0.34175856056139	0.738934006286067	0.92492329029156	-6.23525141976251
"miR-8078"	0.285801049354807	6.89128038220179	0.372489393805086	0.7165634186373	0.92492329029156	-6.23527967671986
"miR-5000-3p"	0.262860064637608	4.01463677932095	0.369368329524205	0.718823216345616	0.92492329029156	-6.23668706352242
"miR-145-5p"	-0.387289476831134	3.6266286796648	-0.544293971912683	0.597034833680402	0.916303196148254	-6.23752255956405
"miR-6846-5p"	-0.010573730266024	4.31636866411155	-0.014574017953752	0.988631445502232	0.997574606186693	-6.23967968145762
"miR-375"	0.433577809481975	6.09088908479335	0.676396839260707	0.512677070246471	0.888940066246074	-6.24457374378447
"miR-7847-3p"	-0.390369823306834	7.54741013458245	-0.757392308997021	0.464635895603524	0.88811174789722	-6.24528814276421
"miR-6746-5p"	0.365774958315258	5.77432859468574	0.608223326547747	0.555316331239759	0.903114451242173	-6.24750024428532
"miR-6732-5p"	-0.194427194683154	3.79766884105782	-0.257192384821759	0.801749409739231	0.945897088629064	-6.25040442350438
"miR-4449"	0.391593905854325	6.64779346579781	0.545169948553328	0.596452323353385	0.916303196148254	-6.2506476356382
"miR-7106-5p"	-0.208884770608067	2.91238479757755	-0.258629936894875	0.800667816405306	0.945897088629064	-6.25285563096919
"miR-199a-3p"	0.261107671456117	3.78170427941621	0.339027088612589	0.740935011586602	0.92492329029156	-6.25438337485743
"miR-6808-5p"	0.0359595346091752	4.19765903116304	0.0516680168736719	0.959714025949961	0.98122485756608	-6.25767172544148
"miR-7515"	-0.112436853422486	2.40667246582195	-0.169483909239372	0.868474299396118	0.968054999138905	-6.25831402378581
"miR-574-3p"	-0.391409044082307	8.21319681082698	-0.706894893759917	0.494247158075652	0.88811174789722	-6.26058027402322
"miR-22-3p"	0.491113947618586	10.6202942483149	0.709830127158469	0.492494913108282	0.88811174789722	-6.26082454708035
"miR-4655-5p"	0.273610432655065	4.82437275553596	0.423731489341833	0.679880071696305	0.919645653570103	-6.26250392291856
"miR-4270"	-0.279060579253391	4.47108738612405	-0.46109893457611	0.653657351455683	0.918435059110332	-6.2644223786894
"miR-4644"	0.049807775778036	2.94198145878388	0.0608439291941627	0.952568386323509	0.980682383836529	-6.27005130324255
"miR-320a"	0.263569186074655	7.95565091966702	0.418567312627568	0.683540075298895	0.919769243678286	-6.27468320227319
"miR-660-5p"	-0.0377976617128826	5.94156574071458	-0.0567395232723523	0.955764148344232	0.98122485756608	-6.27665749072543
"miR-6749-5p"	0.317665084892955	5.17403700047911	0.53250351362406	0.604903883848125	0.916303196148254	-6.27799534066675
"miR-4496"	-0.268711724553078	5.45671650234115	-0.417904402205592	0.684010516799535	0.919769243678286	-6.28113443248894
"miR-548w"	-0.0640363819390548	5.61583544698927	-0.0980232516447422	0.92366667011306	0.974502989854685	-6.28154817751013
"miR-4429"	0.308734806311057	7.67373069592034	0.499656695179388	0.627101604258955	0.918435059110332	-6.29026075979333
"miR-548b-5p"	-0.104007110755463	5.32169292390377	-0.136407313308581	0.893949047079079	0.968467816363036	-6.29227101614127
"miR-6791-5p"	-0.279488231148436	5.13899011671129	-0.464978964045376	0.650961483248087	0.918435059110332	-6.29695734179351
"miR-4800-3p"	0.117878801613267	5.01278263790449	0.185145963399785	0.856464017095643	0.962498791959565	-6.29904374754778
"miR-7111-5p"	-0.402247081865779	6.24893190300589	-0.620718367039199	0.547355246063184	0.901615724765189	-6.30027005188204
"miR-1268a"	-0.407129129126354	9.35621894940945	-0.682093094944363	0.509204037580194	0.88811174789722	-6.30063550846643
"miR-124-3p"	-0.00736817378877319	3.40910466025514	-0.0062690189322888	0.995109658467405	0.999671625558551	-6.30267647020835
"miR-504-3p"	-0.0364304358596463	3.96519156629083	-0.0533487510348712	0.958404877298953	0.98122485756608	-6.30496373141462
"miR-101-3p"	0.365439514260324	7.64918125346388	0.567951232688814	0.581407707705828	0.912102567908879	-6.30977352171915
"miR-99a-5p"	0.334765798891394	7.45132126487257	0.634909562352792	0.538392094081748	0.901245932581514	-6.31148297108727
"miR-6716-5p"	-0.0244720973493644	3.15592159750614	-0.0337565777971097	0.973672404310308	0.990723421537455	-6.31218085493653
"miR-4687-5p"	-0.254816194336302	6.78299460840778	-0.447401960382373	0.663215172862992	0.918435059110332	-6.32193139313252
"miR-193a-3p"	0.267989113439347	7.74268313082523	0.481261003486836	0.63970564495866	0.918435059110332	-6.32300746402214
"miR-3135a"	-0.2568149885378	5.68066534017675	-0.426803489100929	0.677706921639315	0.919645653570103	-6.32343323039086
"miR-4497"	0.428101054370428	16.1901509299486	0.986203405126603	0.345103927126328	0.839944476977527	-6.32532083055232
"miR-4651"	0.326524404000847	8.57061815408974	0.636904680481615	0.537138736150345	0.901245932581514	-6.32742918346219
"miR-4417"	0.272444213198147	6.40058675617897	0.449002888412429	0.66209476101711	0.918435059110332	-6.3301487920345
"miR-149-3p"	0.362235899273372	11.0968616569404	0.700492690377251	0.498082243317663	0.88811174789722	-6.3309812275665
"miR-6781-5p"	0.374066212867507	6.54633565462222	0.591559445725955	0.566033156740071	0.903494262326212	-6.33399183944981
"miR-4640-5p"	-0.433762335279381	6.44817378066139	-0.517973011289219	0.614674072997621	0.91663578986172	-6.33678413951734
"miR-6743-3p"	-0.122263893244485	4.77556592977147	-0.164160889973529	0.872564261514433	0.968157632465674	-6.33680233025441
"miR-205-5p"	0.355543608824245	14.2488300026831	0.796107819715758	0.442711581461613	0.88811174789722	-6.34138273443433
"miR-100-5p"	0.29916317007006	7.62992706798549	0.578877019834207	0.574264754228131	0.909464008411723	-6.34151821460634
"miR-4728-5p"	-0.0549489142065296	4.43964419884904	-0.0867383094768033	0.932429002286888	0.975185887753306	-6.34388346309743
"miR-6727-5p"	0.302018187967448	8.03098208175625	0.577557657838007	0.575124794526806	0.909464008411723	-6.34459363692881
"miR-5585-3p"	-0.29947822457048	9.63730240540998	-0.555860717906958	0.589367018742718	0.915636355972324	-6.34529725721264
"miR-4787-3p"	-0.290588385157095	5.61188105670787	-0.489544512574844	0.634015081203478	0.918435059110332	-6.35011499578078
"miR-451a"	-0.0801202727878692	4.31357064060779	-0.131809782354948	0.897500549527885	0.968467816363036	-6.35065861650071
"miR-125b-5p"	0.289638081501694	9.72817023378734	0.552815615468426	0.591380648123777	0.915636355972324	-6.35196755876185
"miR-6812-3p"	-0.18943865239778	5.64443920613625	-0.328782435655642	0.748457688496437	0.92492329029156	-6.35525666892978
"miR-649"	0.172893336580513	6.39076055866258	0.276312981942875	0.787399675986266	0.941387112620677	-6.35580322175904
"miR-1207-5p"	-0.263403861858997	6.47645209349305	-0.482287419920171	0.638999198601288	0.918435059110332	-6.35708817648938
"miR-6510-5p"	0.359609688519722	6.65234036437263	0.590879571003485	0.566472790995491	0.903494262326212	-6.35905991180716
"miR-3180-3p"	-0.0946547200796886	4.3071175457102	-0.133622809687458	0.896099737162359	0.968467816363036	-6.36014713916649
"miR-1181"	-0.332944793337896	7.49126271735644	-0.526469663571259	0.608951358758157	0.916518161785754	-6.36095116712224
"miR-7855-5p"	-0.270191541753135	5.42807060217998	-0.439535201705108	0.668733184554137	0.918435059110332	-6.36659057776553
"miR-4695-5p"	0.21742801470939	5.69298878585508	0.388012934849069	0.705366028583457	0.92492329029156	-6.37728465500606
"miR-20a-5p"	0.295305221547808	9.5431180486168	0.537279910073938	0.601709684384514	0.916303196148254	-6.37906882226268
"miR-6771-5p"	0.0994219730620555	5.4575454102214	0.160049134118313	0.875726213535482	0.968157632465674	-6.38059994901319
"miR-6512-5p"	0.253728413244395	7.77641903462997	0.488540918929268	0.634703222464114	0.918435059110332	-6.38394019880407
"miR-6858-5p"	-0.266225895926245	7.11677639622448	-0.465260985029334	0.650765735544709	0.918435059110332	-6.38433600815469
"miR-6880-5p"	0.0932177870519619	5.23861127431166	0.155743219250183	0.879039900770916	0.968157632465674	-6.38529938241255
"miR-1469"	0.108802602883398	5.19270415981289	0.182330485797089	0.858620338864435	0.962498791959565	-6.3874374479289
"CTRL_miR_POS4"	0.322552465101827	10.1423424746981	0.590406415201944	0.566778862707168	0.903494262326212	-6.38854528709803
"miR-143-3p"	0.111650357544483	3.73940554846643	0.172081619128241	0.866479787873601	0.96770798237479	-6.39319156276405
"miR-3674"	-0.212188831618942	6.94795832942428	-0.373353004013079	0.715938622690401	0.92492329029156	-6.39443934053663
"CTRL_miR_POS1"	0.330752889405236	10.5995249909221	0.609284861475722	0.554637484036806	0.903114451242173	-6.39710496071185
"miR-6894-5p"	0.0937318668416367	4.78640849353738	0.0959142733271691	0.925303446552859	0.974502989854685	-6.40039665168352
"miR-106a-5p"	0.195122718986313	8.15750816588499	0.315797891245431	0.758031566748226	0.92492329029156	-6.4022450099969
"miR-6793-3p"	-0.280892158189357	7.60860452896632	-0.457719038060819	0.656009934390714	0.918435059110332	-6.40336923041776
"miR-1237-5p"	0.302703134755989	10.1942980451927	0.585387028155777	0.570031326296381	0.906242832422932	-6.40494576028699
"miR-6068"	0.165743052534438	5.20541591573839	0.293372150570599	0.77466595701397	0.932043308103129	-6.40891379829963
"miR-4530"	0.043218822718385	5.60832618440887	0.0733549007747799	0.942832737813481	0.977206642577625	-6.40959255784174
"miR-6086"	-0.0358744081484588	4.95487782607347	-0.0542175822025511	0.957728181789694	0.98122485756608	-6.41234561279156
"miR-148a-5p"	0.229014679567249	8.56429446459939	0.436066513479913	0.671172764193568	0.918547064279779	-6.41439766841029
"miR-6756-3p"	-0.21767704573492	6.7644996364399	-0.380478340584025	0.710791971394525	0.92492329029156	-6.4149979788441
"miR-7107-5p"	-0.216160666048324	6.40884876575936	-0.377150125533422	0.713194098527647	0.92492329029156	-6.41512339966678
"miR-638"	0.302076128508048	10.9263261463442	0.522963306840795	0.611309704744584	0.91663578986172	-6.41807619130498
"miR-1285-5p"	-0.222227842924515	10.1547238662054	-0.406226994630836	0.692320296745922	0.92492329029156	-6.42471173978022
"miR-4634"	0.205245109763027	8.87010771792853	0.386976253403821	0.70611157685974	0.92492329029156	-6.42686355571693
"miR-6730-3p"	0.0880167822481874	5.22411073059774	0.157824711756919	0.877437748166569	0.968157632465674	-6.42782542769855
"miR-6803-5p"	-0.296829981928792	9.04268321262403	-0.471630924680139	0.646351769131633	0.918435059110332	-6.42910033743157
"miR-1254"	-0.113059534095265	6.40409891175621	-0.196675431202203	0.847646746191199	0.959264352082788	-6.42932842590524
"miR-1255b-2-3p"	-0.218427161732889	9.59269738574821	-0.392881386633862	0.70186911856251	0.92492329029156	-6.43508668211732
"miR-4281"	0.313418603071458	12.8838751055107	0.682264803727178	0.509099564492167	0.88811174789722	-6.4358594561749
"miR-5591-3p"	-0.186883739870436	6.98909093279639	-0.34243088753343	0.738441785446701	0.92492329029156	-6.43832487787957
"miR-4534"	-0.163902071856429	5.74298820825918	-0.299166709447906	0.770356108478401	0.932043308103129	-6.44156012839637
"miR-3656"	0.215319275387678	8.26457653846447	0.377531743083228	0.712918502135068	0.92492329029156	-6.44669486609002
"miR-335-5p"	0.197913760403439	7.82001358483884	0.373347833440971	0.715942362798456	0.92492329029156	-6.44700924270039
"miR-4286"	-0.182557910058389	7.48898409667413	-0.349705423478061	0.733123846740412	0.92492329029156	-6.447714441869
"miR-1273h-5p"	-0.244675489394394	11.1265574252512	-0.448447189823824	0.662483569924756	0.918435059110332	-6.44828243653477
"miR-6799-5p"	0.198265850557668	7.76034551032317	0.354921538114625	0.729319639645755	0.92492329029156	-6.44946284378122
"miR-6165"	-0.0557221207703078	5.88020832110616	-0.093423043341642	0.927237352354398	0.974502989854685	-6.45206442983315
"CTRL_miR_POS6"	0.282467133048754	10.5926148195381	0.514558586282231	0.616981362493494	0.916967288116897	-6.45209822463588
"miR-765"	-0.0776712318995969	5.1870349768909	-0.141243341976348	0.890215926784498	0.968467816363036	-6.45414797089894
"miR-29c-3p"	0.196807792342035	8.28724745647347	0.322014686353288	0.753442346089348	0.92492329029156	-6.45432020454883
"miR-6126"	-0.338824334012486	14.1694436102572	-0.708466331718368	0.493308584806449	0.88811174789722	-6.45479627794447
"miR-3940-5p"	0.218782920413067	7.97899129625641	0.344478576832943	0.736943394886722	0.92492329029156	-6.45778198319193
"miR-654-5p"	0.17217776098273	7.02805508046599	0.327744371240962	0.749221483804908	0.92492329029156	-6.45814320035787
"miR-6756-5p"	0.17033875539073	6.95127215779693	0.316787613376454	0.757300300006323	0.92492329029156	-6.45833860480686
"miR-5196-5p"	0.205119970308976	6.12949343399473	0.387591675364583	0.705668946124372	0.92492329029156	-6.46303561276183
"miR-1299"	-0.108853688464913	6.77881768469565	-0.198576504707679	0.846194933462801	0.959264352082788	-6.46602981949908
"miR-3184-3p"	-0.0462595078970612	5.36810658766123	-0.0737843631967936	0.942498706883393	0.977206642577625	-6.46710348698451
"miR-4688"	0.0414514543830973	5.9859489745653	0.0715347237580491	0.944248577060673	0.977206642577625	-6.46728299537222
"miR-4459"	0.165799407545021	7.94023352480156	0.307725483268122	0.764005114993549	0.928391461457324	-6.47020427282563
"CTRL_miR_POS3"	0.253269632256182	10.2967451216677	0.45319013460163	0.659168392647357	0.918435059110332	-6.47297287776846
"miR-210-3p"	0.00561389963477218	6.97567401272362	0.0081130229755131	0.993671216752123	0.999671625558551	-6.47490206222911
"miR-4516"	-0.295485882817714	13.70450338582	-0.686957533256046	0.506249320483869	0.88811174789722	-6.47690656158674
"miR-4741"	-0.164357430664176	6.94915397833124	-0.293099348357195	0.774869057158251	0.932043308103129	-6.476913336749
"miR-6780b-5p"	-0.189271784726583	11.1816068152773	-0.364513322341023	0.722344043977973	0.92492329029156	-6.48680249729039
"miR-193b-3p"	0.017374892009044	8.25677109747118	0.0311723753094202	0.975687147011592	0.990723421537455	-6.48781500436024
"miR-7641"	0.201960501343109	10.2243321216452	0.202859937725907	0.842925949495764	0.959264352082788	-6.48821370144845
"miR-1227-5p"	0.107987572866183	9.62892174034535	0.199894762091805	0.845188555256502	0.959264352082788	-6.4892092016621
"miR-8069"	-0.0706937643348111	6.62845816584697	-0.131301607189579	0.897893250174848	0.968467816363036	-6.49129266501047
"miR-6845-5p"	-0.0789340997782484	6.78573389087638	-0.131100682134297	0.8980485261636	0.968467816363036	-6.49297805541258
"miR-1915-3p"	-0.091779884199947	8.2289804707085	-0.172014781012074	0.866531093829702	0.96770798237479	-6.49361983412794
"miR-937-5p"	0.0607300337919547	6.78688353140275	0.0994654921701105	0.922547560096873	0.974502989854685	-6.49502553068881
"miR-3135b"	-0.185708368543776	10.0243356670691	-0.353356669434172	0.730460134605696	0.92492329029156	-6.49648441645058
"CTRL_miR_POS2"	0.217528724945294	10.2925103201464	0.379278948741207	0.7116572522654	0.92492329029156	-6.49671605573512
"miR-6077"	0.119292503620772	6.61610064371699	0.210498523285591	0.837104110755418	0.959264352082788	-6.49712164892606
"miR-4787-5p"	0.226061436674909	11.2715026232071	0.442403989363335	0.66671853183129	0.918435059110332	-6.49763912499739
"miR-1286"	0.0609003383600423	5.86870495534429	0.110348938048944	0.914108338993994	0.970365391732482	-6.49936926938012
"miR-6786-5p"	0.216465284872629	11.0269965236458	0.43904292772526	0.669079166164694	0.918435059110332	-6.49959584299328
"miR-4632-5p"	-0.0512465125045598	7.22490260153827	-0.0914818582388582	0.928744606895231	0.974502989854685	-6.50036435016569
"miR-1273d"	-0.114146391924291	10.422112993988	-0.213505773829233	0.834814866297891	0.959264352082788	-6.50104738116183
"miR-197-5p"	0.0623842767207816	6.08595237909945	0.111474499786532	0.913236169202899	0.970365391732482	-6.50202850282907
"miR-548d-5p"	-0.0408622465497017	7.95031177514231	-0.0780089595635812	0.939213489745255	0.977206642577625	-6.50441539559845
"miR-132-3p"	0.0379839598884476	7.37426663022741	0.0680059734955549	0.94699401150739	0.978340503177496	-6.50504527572166
"miR-574-5p"	0.0531058801864068	8.18238736666313	0.102808673773712	0.919954087012373	0.974165667139888	-6.50931326756703
"miR-6088"	-0.0734318294987664	8.39675091421993	-0.129133608498571	0.899568925658169	0.968467816363036	-6.51617481802011
"miR-5739"	-0.0621882677619521	6.04843515535903	-0.110006870553708	0.914373422019927	0.970365391732482	-6.51657819766709
"miR-6752-5p"	0.195320335746548	11.5380711048998	0.343493800777234	0.737663859928603	0.92492329029156	-6.52326082764063
"miR-8072"	0.131754402227142	10.1127241706747	0.25374741891533	0.804343112193701	0.945897088629064	-6.52493369542895
"miR-4739"	0.263953616235279	11.4430475393204	0.488831814262903	0.634503725076784	0.918435059110332	-6.5256682482954
"miR-762"	-0.210391828617814	10.9065593401667	-0.422408449804718	0.680816934093213	0.919645653570103	-6.53495104188923
"miR-3178"	0.161007468956683	11.654449175852	0.335614321858252	0.743437925570894	0.92492329029156	-6.53643099829383
"miR-1273f"	-0.0653238310505106	10.7260735314819	-0.128737915409559	0.89987481756498	0.968467816363036	-6.53764203233592
"CTRL_miR_POS5"	0.108905457081586	10.117705133109	0.196963969496774	0.847426357019685	0.959264352082788	-6.54190894629296
"miR-663a"	-0.252651989781942	12.5986726819555	-0.531288006110845	0.605718133035608	0.916303196148254	-6.55483265934975
"miR-3141"	0.0667498754780835	7.67195545952678	0.121601837027842	0.905394249654355	0.970365391732482	-6.5891020277939
"miR-5096"	-0.152444635191271	13.3891692913433	-0.318794602837259	0.755818175611664	0.92492329029156	-6.64279966641918
"miR-6089"	-0.121906508772356	11.7078046905227	-0.237351259192565	0.81672089617629	0.955257379551361	-6.64366508851609
"miR-4466"	0.0845218605634016	12.5891363561822	0.192481571558467	0.8508515934278	0.961057133147972	-6.6847316967137
"miR-6090"	-0.0958058675580774	12.975924101347	-0.209378527513067	0.837957101702105	0.959264352082788	-6.7220890867465
"miR-5787"	0.0394020174097322	13.6835387662731	0.0896944703467926	0.930132701952364	0.974502989854685	-6.73765857473183
"miR-1273g-3p"	-0.151299954862523	15.4707049320202	-0.35020184372193	0.732761474425219	0.92492329029156	-6.74171945784708
"miR-1246"	0.230840185330587	17.9352404196928	0.803997364223789	0.438327653969556	0.88811174789722	-6.75828896936728
"miR-619-5p"	-0.141350205851249	15.3769442882302	-0.322028546515428	0.753432125570426	0.92492329029156	-6.80774948915427
"miR-3960"	0.0902834798589047	16.3667078589367	0.232076029032224	0.820714567184559	0.958038855000873	-6.89437024916517
