"baseMean"	"log2FoldChange"	"lfcSE"	"stat"	"pvalue"	"padj"
"cel-miR-794-5p"	5510.61560183385	-0.725233755487831	0.0519665200126146	-13.9557883674294	2.9007629204683e-44	9.34045660390794e-42
"cel-miR-237-5p"	1125455.72118697	-0.544376158820435	0.0457814793287138	-11.8907507315738	1.32212799471226e-32	2.12862607148674e-30
"cel-miR-82-3p"	2375851.95405213	-0.501776223331351	0.0528632151705871	-9.49197323152105	2.26701596782769e-21	2.43326380546839e-19
"cel-miR-799"	312.112941564253	-0.979756040316698	0.104606251096016	-9.36613280804224	7.52388053048579e-21	6.05672382704106e-19
"cel-miR-246-5p"	1265.60225024621	-0.619354309197719	0.0676467825831494	-9.15570978466607	5.40016274873546e-20	3.47770481018563e-18
"cel-miR-249-3p"	7846.0844510614	-0.328386967643431	0.0503791207683184	-6.51831478269747	7.11016608372436e-11	3.81578913159874e-09
"cel-miR-1022-5p"	6898.99580560658	0.296753042731286	0.0466831877527704	6.35674333772709	2.06075884775876e-10	8.61039830123043e-09
"cel-miR-65-5p"	496844.875423469	-0.310753748477458	0.0489299105824321	-6.35099767766656	2.13922939161005e-10	8.61039830123043e-09
"cel-miR-77-5p"	12708.9991711251	-0.288293779129429	0.0469531710500404	-6.14002787633193	8.25070006533811e-10	2.95191713448764e-08
"cel-miR-62"	3206.53480053624	0.326647170880519	0.054310022239634	6.01449156914801	1.80452157902449e-09	5.81055948445884e-08
"cel-miR-60-3p"	73139.1919235055	0.34050193917181	0.0579115016294327	5.87969452684257	4.11024304898746e-09	1.20318023797633e-07
"cel-miR-54-5p"	32971.8701291079	-0.243852583408528	0.0421988299436725	-5.77865745884483	7.52990532343134e-09	2.02052459512074e-07
"cel-miR-795-5p"	9110.46378961407	0.252538317974815	0.0456110931403958	5.53677407374287	3.0809355860791e-08	7.63124045167285e-07
"cel-miR-229-3p"	57257.1404744372	-0.293655943191998	0.0532785895449331	-5.51170640402069	3.55371358932001e-08	8.17354125543603e-07
"cel-miR-82-5p"	878.857148605323	-0.413281926421344	0.07517833800749	-5.49735385717318	3.85532585042773e-08	8.27609949225152e-07
"cel-miR-124-3p"	1661.14257543821	0.320688834033071	0.0594817227024207	5.39138443648372	6.99169166585882e-08	1.40707794775409e-06
"cel-miR-64-5p"	501136.623296228	-0.244099323237405	0.0473944499821217	-5.15037780435231	2.59962259235551e-07	4.92399102787337e-06
"cel-miR-79-3p"	26036.5085017156	0.233535791270621	0.0457614201614684	5.10333356016037	3.3372202565489e-07	5.96991623671526e-06
"cel-miR-789-5p"	3867.8753593386	-0.330456118011502	0.0664035158731478	-4.97648526085245	6.47492041947977e-07	1.05106407999281e-05
"cel-miR-798"	173.772120420651	0.629096284188523	0.12645421851365	4.974893614329	6.52834832293671e-07	1.05106407999281e-05
"cel-miR-70-3p"	592583.120218707	-0.257678723797215	0.053076967613107	-4.85481246169729	1.20500727717534e-06	1.84767782500219e-05
"cel-miR-1-3p"	31015.6224277165	0.374328148798773	0.0789446144335084	4.74165529193956	2.11979079199053e-06	3.10260288645886e-05
"cel-miR-250-3p"	64536.3266114762	0.230812875400912	0.0492875546426737	4.68298492538869	2.82727313003503e-06	3.95818238204904e-05
"cel-miR-1018"	1391.80246955043	0.315244410480046	0.0674625845038406	4.67287775584849	2.97008559055997e-06	3.9848648340013e-05
"cel-miR-43-3p"	907.851212935104	0.386085575600791	0.0835897552498407	4.61881452394283	3.85938637866859e-06	4.97088965572515e-05
"cel-miR-70-5p"	932.384391143642	-0.366104504766389	0.0798855338330904	-4.58286359494465	4.58651245853875e-06	5.68021927557492e-05
"cel-miR-797-3p"	947.498178367374	0.392690263573752	0.0871687980240597	4.50494067229611	6.63914883926524e-06	7.91779972682744e-05
"cel-miR-253-3p"	3152.49588003308	-0.264447211974123	0.0591514392575411	-4.47068093851003	7.79709464214117e-06	8.96665883846235e-05
"cel-miR-59-3p"	66142.630178761	0.232416364428139	0.0522313391555051	4.44974929201375	8.59705873986191e-06	9.22750971411845e-05
"cel-miR-67-3p"	2847.2139240633	0.256540729549013	0.0576425253962849	4.45054632470261	8.56521144773729e-06	9.22750971411845e-05
"cel-miR-795-3p"	1051.62488145099	0.411479290835039	0.0941842663048326	4.36887504653127	1.24888194114306e-05	0.000129722575821957
"cel-miR-1829b-3p"	184.520621435202	-0.520385968607453	0.120725462621915	-4.31049057345246	1.62892773035584e-05	0.000161868003674619
"cel-miR-80-5p"	55147.0204029836	-0.207334350629992	0.0481449861820084	-4.30645778661522	1.65889568983305e-05	0.000161868003674619
"cel-miR-792-3p"	290.325359944342	0.46925282268572	0.109624300970065	4.28055475413117	1.86428011226797e-05	0.000176558292985378
"cel-miR-237-3p"	2309.49303345501	-0.277485962713116	0.0651702581487264	-4.25786195414264	2.06391325594353e-05	0.000189880019546805
"cel-miR-247-3p"	1760.76424454833	0.32275584921462	0.0764221526031804	4.22332842272213	2.40720642092132e-05	0.000215311240982407
"cel-miR-1829c-3p"	183.374046336055	-0.508472271368913	0.121619088721563	-4.18085907988523	2.90409810130368e-05	0.000252735023951294
"cel-miR-229-5p"	374254.726176207	-0.196218952571687	0.0477446300053039	-4.10975962217927	3.96071192197058e-05	0.000319119403664509
"cel-miR-360-5p"	97.7658865985458	0.603271535898414	0.146382354319369	4.12120394362717	3.7689758898607e-05	0.000319119403664509
"cel-miR-48-5p"	579513.875470516	0.172504385030248	0.0419764107222137	4.10955539223747	3.96421619459017e-05	0.000319119403664509
"cel-miR-2-3p"	54865.2433627151	0.194197152342365	0.0500688319997584	3.87860360599789	0.000105057781838902	0.000825087945173815
"cel-miR-41-3p"	35.0114702314287	0.556746644745008	0.144136220324306	3.86264218315374	0.000112167241775986	0.000859948853615892
"cel-miR-246-3p"	244088.057579212	-0.166461026182526	0.0435225963529524	-3.82470349040273	0.000130929566431909	0.000980449311420345
"cel-miR-232-3p"	4882.84769497494	0.224011412621758	0.0587526673592652	3.81278710721261	0.000137408465849132	0.00100558013644137
"cel-miR-243-3p"	8428.59908253437	-0.239512172330378	0.0630004382261648	-3.80175406829006	0.000143675304459225	0.00102807662301934
"cel-miR-1830-3p"	3233.83000710867	-0.233205479109966	0.0617815316434472	-3.77467946984284	0.000160213531018495	0.00112149471712947
"cel-miR-231-3p"	1427.03880720147	0.236364109212199	0.0627793862987749	3.7649955367087	0.00016655205723273	0.00114105877508381
"cel-miR-234-3p"	1276.03144077026	0.271633597665783	0.0730973788253719	3.71605113659014	0.000202360644068401	0.00135750265395885
"cel-miR-81-3p"	550074.386026265	-0.215552063197574	0.0585213355651855	-3.68330731203965	0.000230227327348572	0.00151292243686205
"cel-lsy-6-3p"	1584.35217024313	-0.258594942094991	0.0711686316185385	-3.63355225770043	0.000279545796885354	0.00176497542347223
"cel-miR-797-5p"	657.279830677639	0.291499635043836	0.0801905384481753	3.6350876385775	0.000277886153317065	0.00176497542347223
"cel-miR-56-5p"	7185.39661676709	-0.212277004281729	0.0602080909102959	-3.52572222557265	0.000422329683423815	0.00261519534735516
"cel-miR-61-3p"	317024.703069266	0.17932924953749	0.0524204417183095	3.4209793671932	0.000623960658062442	0.00379085531879446
"cel-miR-64-3p"	1972.00726565678	-0.240616454455842	0.0741179887496395	-3.24639751449019	0.00116875520186637	0.00696924398149946
"cel-miR-787-3p"	2608.02931211853	0.258399855200963	0.0798362168618602	3.2366244964747	0.00120952454020145	0.00708121639899759
"cel-miR-52-3p"	12981.7799200001	-0.153603547965204	0.0476750027201633	-3.22188860411413	0.00127348636822833	0.0073225466173129
"cel-miR-73-3p"	150817.497764551	-0.18361088340324	0.0573812532602599	-3.19984094056729	0.00137503449231	0.00776773871094423
"cel-miR-5592-5p"	10188.0251916859	-0.20761204272081	0.0649985036027851	-3.19410495954731	0.00140265110054719	0.00778713197200334
"cel-miR-784-3p"	347.10691795527	-0.324093759315089	0.104400321077733	-3.10433680633779	0.00190706101059618	0.0104080278883385
"cel-miR-4929"	85.324528974937	-0.420572910611636	0.14141281027555	-2.97407929162943	0.00293869126629634	0.015770976462457
"cel-miR-86-5p"	73573.3730438369	0.141324458611878	0.0479061695981771	2.95002626587068	0.0031774691533129	0.016772869956832
"cel-miR-1830-5p"	1078.54075684048	-0.226432927684618	0.078538156565523	-2.88309450573504	0.00393789278593771	0.0204516367269668
"cel-miR-248"	30902.0293084103	0.166124068868764	0.0581645376775081	2.85610572183751	0.00428872301855596	0.0219201398726193
"cel-miR-8196a-3p"	1057.39350101744	-0.204846649409212	0.0721104795751902	-2.84073342204883	0.00450099197028406	0.0226456158504917
"cel-miR-245-3p"	160887.951135518	0.139768445715802	0.0495740515371768	2.8193871870849	0.00481154407874795	0.0238356491285668
"cel-miR-74-5p"	3267.60343834972	-0.152757362908101	0.0547805554870624	-2.78853256506641	0.00529474239797372	0.0258319250325385
"cel-let-7-5p"	182108.791767281	-0.12899682675398	0.0465299367077843	-2.7723404732764	0.00556547910757811	0.0267475264573157
"cel-miR-4816-3p"	1678.21399308386	-0.176161530208296	0.0641559662380266	-2.74583239156145	0.00603575907929297	0.0285810944637108
"cel-miR-2-5p"	759.367191021118	0.220223913657169	0.080925346886468	2.72132183710162	0.00650214238149015	0.0302949470816641
"cel-miR-80-3p"	1311363.3322793	-0.144718462850414	0.0532622886553979	-2.71709058141924	0.00658585806123132	0.0302949470816641
"cel-miR-239a-5p"	7268.16862232058	0.215808009496901	0.0795901441920593	2.71149162610052	0.00669812328883694	0.030377404211345
"cel-miR-34-5p"	10569.681877554	0.135935247974146	0.0513353512763288	2.64798515242315	0.00809730814317104	0.0362129614180705
"cel-miR-245-5p"	8.83008688684449	-0.294505089045601	0.111480704081194	-2.64175842333313	0.00824768603334837	0.0363802041470983
"cel-miR-1829a-5p"	1751.79589289656	-0.186182799336723	0.0718477503546085	-2.59135182963709	0.00955996993429435	0.04159878809247
"cel-miR-2216-5p"	268.605816714503	-0.302024965686814	0.117359446466842	-2.57350366569891	0.0100674580408009	0.0432229531885053
"cel-miR-77-3p"	73623.0846838496	0.134949829799155	0.0526991369547125	2.56075976946502	0.0104443548960924	0.0442510825860759
"cel-miR-247-5p"	75.8688395859295	0.36605962781	0.144428347873221	2.53454140548174	0.0112594619805178	0.0470850228276197
"cel-miR-75-5p"	349.917864429134	-0.264669801530683	0.104682558748847	-2.52830848513815	0.0114613597609016	0.047314844141158
"cel-miR-36-3p"	9709.27103744013	0.175473791088301	0.070034484901539	2.50553411415817	0.0122266603044995	0.0498352483297321
"cel-miR-1829a-3p"	290.668826491996	-0.270914274297417	0.108451349500363	-2.49802584795416	0.0124887087298708	0.0502670526377298
"cel-miR-1829b-5p"	16421.4947306732	0.133433628296118	0.0536193037702375	2.48853712961082	0.0128269842644971	0.0509752356696232
"cel-miR-53-5p"	16825.6171779275	0.148130891119753	0.0596272283299573	2.4842826887751	0.0129812711953699	0.0509752356696232
"cel-miR-8208-3p"	57.2365008277906	0.361525370933025	0.146519602581857	2.46741981661498	0.0136090697127395	0.0527966318976159
"cel-miR-2217b-3p"	129.449373695312	-0.319513131281247	0.130205430895458	-2.45391554779143	0.0141310164041673	0.0541688962159746
"cel-miR-81-5p"	1289.07054629391	-0.237377806149791	0.0974021666524807	-2.4370895875112	0.0148060106868082	0.0560886522488498
"cel-miR-67-5p"	427.215632750621	-0.220574156004435	0.0928897329382292	-2.3745805809466	0.0175689009021829	0.0650251274770449
"cel-miR-87-5p"	1650.93573798773	-0.14950744254058	0.0629585740550796	-2.37469550072375	0.0175634324805104	0.0650251274770449
"cel-miR-52-5p"	256746.454753869	0.141276850449344	0.0598218395860126	2.36162664717481	0.0181949559408284	0.066576997874395
"cel-miR-5553-3p"	10.5091162214397	0.249666936444285	0.106845730315632	2.33670485200248	0.0194545360844759	0.0703860743730475
"cel-miR-1020-3p"	1990.26374961886	-0.140588065546958	0.0605802063534527	-2.32069307797836	0.0203034145831542	0.0718428516019301
"cel-miR-86-3p"	10792.7297525924	-0.111020957710428	0.047829057338363	-2.32120313233478	0.0202758832169827	0.0718428516019301
"cel-miR-8198-3p"	18.4830496805092	0.303901003958881	0.131792693046781	2.30590176840083	0.0211161218064319	0.0739064263225116
"cel-miR-1820-5p"	2579.5865613363	0.181435584629267	0.0807066307200547	2.24808770990092	0.0245705976060461	0.0850723917112563
"cel-miR-800-3p"	605.735922046385	-0.183714414546154	0.0821010959601563	-2.23766092763622	0.025243175069884	0.0864713018351346
"cel-miR-85-5p"	454.518891537089	-0.211984388676478	0.0951621989808491	-2.22761128837658	0.0259064472527074	0.0878092212144398
"cel-miR-1829c-5p"	15962.9051037554	-0.102989770902123	0.0468733394656878	-2.19719294754992	0.0280066690695159	0.0929705921689086
"cel-miR-2953-3p"	71.6727737947298	-0.314988125802222	0.143299002694587	-2.19811805999484	0.0279406938493503	0.0929705921689086
"cel-miR-231-5p"	194.8467660086	0.258605771457962	0.119323078663998	2.16727371061361	0.0302139898335287	0.0992745380244513
"cel-miR-255-3p"	387.618891346621	0.205145403064079	0.0948459220700968	2.16293329841281	0.0305463102286641	0.0993526453902005
"cel-miR-83-5p"	252.861803219496	0.258985894545989	0.120406533229388	2.15092892054779	0.0314818104253718	0.101371429569697
"cel-miR-54-3p"	139602.120800929	0.118141959037203	0.055946792813108	2.11168421095844	0.0347135441695156	0.110670903193901
"cel-miR-8191-5p"	46.9289529442785	0.30365947990494	0.144817726399593	2.09683916088462	0.0360078156621007	0.113671731796043
"cel-miR-242"	18892.2652911888	0.0950236011921583	0.0456691888847734	2.08069386631564	0.0374619358669036	0.117114013098475
"cel-miR-60-5p"	1989.30932959067	-0.138291297068739	0.0677986615423603	-2.03973491397518	0.0413767354866478	0.126888655492387
"cel-miR-71-3p"	23226.552071533	-0.0947102917469028	0.046357102919389	-2.04305890106195	0.0410466077337318	0.126888655492387
"cel-miR-8207-3p"	22.1630938265769	-0.278505065735462	0.137405757871355	-2.02688060565999	0.0426746244051251	0.129634236400474
"cel-miR-790-5p"	458.587536620833	0.183120358324443	0.0907192361321391	2.01853946452674	0.0435351083679678	0.131012195275567
"cel-miR-4813-5p"	309.99558861888	-0.201486222170859	0.101585422177766	-1.98341669357121	0.0473209039667741	0.1410863988639
"cel-miR-66-3p"	1183.80658089143	-0.125924388640035	0.0655740529826988	-1.92033865396819	0.054815136872137	0.161930954796588
"cel-miR-1019-5p"	13.9232585364012	0.229862002340196	0.120771337572404	1.90328274042995	0.0570036617296649	0.16605734102786
"cel-miR-84-5p"	159826.100210344	-0.105454618961618	0.0554601671470875	-1.90144791092928	0.0572433691120884	0.16605734102786
"cel-miR-78"	250.423531286018	0.205881074391385	0.10930081185781	1.8836188944252	0.0596165442301871	0.171397564661788
"cel-miR-5553-5p"	19.8085814151324	0.246325422129391	0.134607545182047	1.8299525616952	0.0672570327166552	0.191652783493478
"cel-miR-1824-5p"	76.6493908770341	0.260953145848362	0.143385408145649	1.81994213513894	0.0687678173957129	0.19423892281947
"cel-miR-251"	416.272564166045	0.167697548505805	0.0924076002592216	1.81475926260805	0.0695609133116483	0.194770557272615
"cel-miR-71-5p"	97308.1668011901	0.113789228205643	0.0629791784382085	1.80677536651716	0.0707973110355974	0.196523570288469
"cel-miR-49-3p"	2830.89403201447	0.144629460514247	0.0812027738229711	1.78109014883594	0.0748977248090359	0.206033590123495
"cel-miR-794-3p"	69.4896631394039	-0.256096407547985	0.144085114443808	-1.77739670427829	0.0755029926539516	0.206033590123495
"cel-miR-63-5p"	3194.42353066306	0.10062754936626	0.0569570505493776	1.76672683005281	0.0772739878101923	0.209094319956991
"cel-lin-4-3p"	2780.27990922591	0.101333208328282	0.0581112425155681	1.74377975657868	0.0811975016911206	0.216623012213456
"cel-miR-5550-3p"	37.6031933152732	0.254829644880628	0.146234492680445	1.74260969631486	0.0814018151485345	0.216623012213456
"cel-miR-38-3p"	2149.32402967038	0.135075838153486	0.07806036374976	1.73040236638536	0.0835584113544166	0.218746410212375
"cel-miR-5547-5p"	162.362427416992	0.222667206922893	0.128618884491679	1.73121705885498	0.0834130579169891	0.218746410212375
"cel-miR-2220-3p"	125.213510046322	0.223404118249058	0.133002431496918	1.6796995042473	0.0930157963042713	0.241541019435285
"cel-miR-1817"	1767.88159185429	-0.122324647973005	0.074149306563627	-1.64970724126785	0.0990028284301546	0.253260329314497
"cel-miR-244-5p"	156928.166305686	0.0660906916557397	0.0400738251344763	1.64922343784149	0.0991018679926294	0.253260329314497
"cel-miR-46-3p"	159834.539928029	0.0979516854898477	0.0597364413080416	1.63973084678316	0.10106114222715	0.256233762182223
"cel-miR-239b-5p"	6520.61246116412	0.218366030229277	0.135160457343939	1.61560588444597	0.106179550845231	0.267107932595034
"cel-miR-1020-5p"	13.5246412758028	-0.201767438545464	0.125814504606038	-1.60368980649136	0.108782443909978	0.270140331365917
"cel-miR-90-5p"	718.221822139066	0.123208076014631	0.0768887753314415	1.60241954021927	0.109062866700525	0.270140331365917
"cel-miR-47-5p"	5041.69414501766	0.0894466495724251	0.0563540057476986	1.58722788887244	0.112461040509741	0.274684511979842
"cel-miR-8193-5p"	293.978381560943	-0.166633747414164	0.105025776074313	-1.58659858220194	0.112603588761923	0.274684511979842
"cel-miR-259-5p"	1560.55352591943	0.123252289379319	0.0779496808722717	1.5811776007304	0.113837435395664	0.27560642253687
"cel-miR-2210-3p"	174.721365735066	0.191472840783152	0.122313532870147	1.56542646009929	0.117482948197272	0.282309771041206
"cel-miR-2209c-3p"	4.81548322324649	0.11798976650056	0.0757719951121704	1.55716853338614	0.119430477117086	0.284863804679273
"cel-miR-252-5p"	3821.66930016	-0.0908916181886885	0.0587081685641684	-1.54819372519419	0.121575661697962	0.287848257843703
"cel-miR-34-3p"	17924.3116380268	0.0945926376455269	0.0615319234819116	1.53729368907725	0.12422140622117	0.291965640899392
"cel-miR-4806-3p"	50.3244201908266	0.218713116077929	0.146585051076616	1.4920560757837	0.135684445464611	0.316597039417426
"cel-miR-2216-3p"	24.7622256651033	-0.206880162485691	0.140898467315013	-1.46829249762639	0.142024787952771	0.329007062739512
"cel-miR-2953-5p"	108.478361778009	-0.192303682994615	0.132048256412909	-1.4563136857581	0.145305923935629	0.334203625051947
"cel-miR-235-3p"	386092.772445411	0.09420615650345	0.0662889267751633	1.42114469318496	0.155274699288887	0.354598958659728
"cel-miR-79-5p"	1465.42203306842	-0.0898771591019002	0.0637454423847578	-1.4099385891687	0.158557816898399	0.358768361216876
"cel-miR-85-3p"	89124.7599919545	0.0839592820947769	0.0596584531789567	1.40733253413268	0.159328806378923	0.358768361216876
"cel-miR-791-5p"	900.480559304154	0.110238227528567	0.0789182257163658	1.39686652263023	0.162453713366899	0.363264553500981
"cel-miR-784-5p"	37.8822192179632	-0.200775464614549	0.145093550227318	-1.38376560708587	0.166430237307524	0.369589906296708
"cel-miR-238-3p"	314210.876516419	-0.0877623905491364	0.0642815284674877	-1.36528163908742	0.172164547559964	0.376558477939348
"cel-miR-359"	1026.63288910998	-0.0966369236970104	0.0711020608632921	-1.35912971471832	0.17410548831711	0.376558477939348
"cel-miR-5593-5p"	9.18604733398099	0.150862464221133	0.111337065999795	1.35500664461026	0.175415440033858	0.376558477939348
"cel-miR-5594-3p"	7.66385134189354	0.144960079920043	0.105832070924815	1.36971788091556	0.170774984785497	0.376558477939348
"cel-miR-83-3p"	7455.91903744354	0.0912464338072548	0.0673002342255346	1.35581153405013	0.175159140530293	0.376558477939348
"cel-miR-790-3p"	1244.95025929282	-0.0909148187401304	0.0691390195253168	-1.31495672580141	0.188524446514646	0.402019018395469
"cel-miR-1832a-3p"	193.239698049248	-0.151573398948266	0.115883672513331	-1.30797890385144	0.190880464783184	0.404365195132798
"cel-miR-789-2-5p"	3677.96302915717	0.190206338017841	0.14638370048409	1.29936828614682	0.193817569911134	0.407903643865263
"cel-miR-57-3p"	151.097607247153	-0.178072743566401	0.140575158186399	-1.26674403830499	0.205246827883067	0.429152458300959
"cel-miR-1821-3p"	655.891683966915	-0.10544492793513	0.0849329470424528	-1.24150793781387	0.214418167647492	0.442581089631361
"cel-miR-42-3p"	1869.86757639648	0.109897513864995	0.0884363694838764	1.24267328596106	0.213988251882491	0.442581089631361
"cel-miR-1832a-5p"	88.177766535662	-0.171238399006249	0.140001950979862	-1.22311437667665	0.22128649928084	0.452069577344491
"cel-miR-355-5p"	2659.83709294475	0.0666162635484892	0.0545277336697538	1.2216950726753	0.221822960311893	0.452069577344491
"cel-miR-4937"	31.9512971051763	-0.174610931576847	0.143941856295631	-1.2130657202185	0.225104694821046	0.455872400832559
"cel-miR-233-5p"	67.2099767604688	-0.171930929778251	0.144278346426149	-1.1916613548538	0.233394056826981	0.4697055393643
"cel-miR-1822-3p"	888.710158160292	0.0906115966615212	0.0763466648888038	1.18684420326014	0.235289079417179	0.470578158834357
"cel-miR-235-5p"	291.187006808266	-0.128682613056924	0.109007773168429	-1.18049024685694	0.237805287267135	0.472220100797961
"cel-miR-8202-5p"	15.2629327569635	0.147948528183486	0.125658907292848	1.17738194108828	0.239043094503316	0.472220100797961
"cel-miR-236-3p"	242222.439607049	0.0560058476745791	0.0477893344235945	1.1719319456964	0.241224380071654	0.473623477945565
"cel-miR-233-3p"	7202.21550688061	-0.0587211650477152	0.0511651204497275	-1.14767960148578	0.251100855107883	0.490027123301444
"cel-miR-66-5p"	225990.164773346	0.0839105747501592	0.0734752419477315	1.14202515739725	0.253443562758823	0.491619441014103
"cel-miR-230-5p"	67245.3302298103	-0.0644707971338157	0.0579467796074568	-1.11258636926079	0.265886117267122	0.50697570256884
"cel-miR-4812-3p"	9.86449321234293	-0.127978576191112	0.114353899052265	-1.11914484116208	0.263078352539409	0.50697570256884
"cel-miR-8192-3p"	58.2735801685245	-0.162446487491935	0.146068279837551	-1.11212706600365	0.266083520913459	0.50697570256884
"cel-miR-4809-3p"	39.4941453817211	0.161789177993965	0.146287180045153	1.10596962730451	0.268739665820643	0.50902454349557
"cel-miR-50-3p"	326.015868541637	-0.110962734040985	0.102117481761775	-1.08661839409479	0.277205492480477	0.521989289933997
"cel-miR-249-5p"	9.92326657816992	-0.123199336888753	0.115203959145824	-1.06940193550821	0.284888595560508	0.533337952153975
"cel-miR-238-5p"	1719.97290648134	-0.0722956123741301	0.068815090357502	-1.050577889218	0.293452500538283	0.540392217787445
"cel-miR-5552-3p"	14.9322721086522	0.131496256888183	0.124943731379909	1.05244381159348	0.292595976905596	0.540392217787445
"cel-miR-56-3p"	24851.9981856474	0.0680718747322354	0.0648267726868557	1.05005805334557	0.293691422710568	0.540392217787445
"cel-miR-232-5p"	250.695579275515	0.111536584598087	0.109798121952886	1.01583326394186	0.309708792826117	0.563184484180874
"cel-miR-51-5p"	40585.9726804925	0.0640338869631719	0.0631145368722755	1.01456637624953	0.31031257400629	0.563184484180874
"cel-miR-75-3p"	4013.51438241672	0.0820173960056163	0.0813026183004733	1.00879157055559	0.313074604560175	0.563184484180874
"cel-miR-8206-3p"	194.570396444637	0.118863630983325	0.117546362167222	1.01120637671652	0.311917664421909	0.563184484180874
"cel-miR-44-3p"	1417765.78047385	0.0560237263280016	0.0560426022518512	0.999663186163898	0.317473533488833	0.564787170074057
"cel-miR-45-3p"	1417765.78047385	0.0560237263280016	0.0560426022518512	0.999663186163898	0.317473533488833	0.564787170074057
"cel-miR-358-3p"	3203.01604750608	-0.0586306482252451	0.0590240396038684	-0.993335065148649	0.320546694680772	0.567121075204444
"cel-miR-228-3p"	3876.61919270882	-0.0595933223080475	0.0617777616803599	-0.96464036065899	0.334724976468921	0.567680534469921
"cel-miR-230-3p"	12545.1431644956	-0.0545621033276732	0.0566053658643318	-0.963903377260102	0.335094370494312	0.567680534469921
"cel-miR-239a-3p"	1135.11260461825	-0.0659404017824894	0.0687410040453865	-0.959258636067522	0.337428467784117	0.567680534469921
"cel-miR-243-5p"	5968.06256584539	0.0569637297635067	0.0588534565546167	0.967890980381817	0.333098819396038	0.567680534469921
"cel-miR-357-5p"	92.0195636156456	-0.136398348073651	0.138957371366762	-0.981584112681897	0.32630477754004	0.567680534469921
"cel-miR-39-3p"	19818.5723701547	0.0572684120109075	0.0597734932393691	0.958090432854078	0.33801715932313	0.567680534469921
"cel-miR-57-5p"	1631479.63227987	0.0527084091974193	0.0535504736517719	0.984275312673641	0.324980164442637	0.567680534469921
"cel-miR-58a-3p"	1091090.33352231	0.0579161995296628	0.0600074120535544	0.965150763008656	0.334469304242241	0.567680534469921
"cel-miR-8196b-3p"	92.212494525319	-0.133101972565044	0.139061067575676	-0.957147639418282	0.338492741050388	0.567680534469921
"cel-miR-8210-5p"	80.814509201538	-0.138281129021029	0.141494397651349	-0.97729048864367	0.328425360524623	0.567680534469921
"cel-miR-50-5p"	54160.0266953828	0.0521344062982167	0.0548622497290949	0.950278316249369	0.34197085378514	0.570542046211477
"cel-miR-48-3p"	6752.50960893624	-0.0438586079775547	0.0471655005708629	-0.929887469585107	0.352429351409915	0.584960057494807
"cel-miR-2217a-5p"	74.8371331589646	-0.1302820882294	0.141532681048068	-0.920508869503808	0.357306900216407	0.589660036202115
"cel-miR-43-5p"	264.498136682814	-0.100474361919794	0.109518596614659	-0.917418274389631	0.35892350029694	0.589660036202115
"cel-miR-786-3p"	2215.09407828813	-0.0520003975920521	0.0570778099024315	-0.911044023604641	0.362272178268918	0.592140311688283
"cel-miR-789-3p"	35.3658360769087	-0.130855196255227	0.145381612980551	-0.900080784443719	0.368077261158593	0.598590293399329
"cel-miR-84-3p"	5396.25887689007	-0.0530089948909908	0.0593683544693309	-0.892883007535179	0.371919827818312	0.601799922399479
"cel-miR-392-3p"	720.638207315552	0.0744720951250581	0.084025317404259	0.886305430621121	0.375452963463247	0.604479271175828
"cel-miR-356b-3p"	1695.63614406134	-0.0581541125005829	0.0682086094676772	-0.852591966827018	0.393885618930698	0.622022922353689
"cel-miR-47-3p"	79965.407759669	0.0494479313304063	0.0580206107476022	0.852247687386673	0.394076634037741	0.622022922353689
"cel-miR-4813-3p"	1814.33371459539	0.0493669443758851	0.0577573335280427	0.854730323585941	0.392700459169988	0.622022922353689
"cel-miR-55-5p"	1066.26722950719	-0.0663985166341922	0.0774470294081981	-0.857341038663047	0.391256434409458	0.622022922353689
"cel-miR-4810b-3p"	5.58294418738309	0.0706990149128895	0.083902185017637	0.842636158975216	0.399431961806899	0.624354814086512
"cel-miR-8210-3p"	9.52659850484318	-0.0852863589139427	0.101027770244827	-0.844187283429725	0.398564759445145	0.624354814086512
"cel-miR-2209a-3p"	658.776900451632	0.0699958498699358	0.0842528789284434	0.830782885524706	0.406096292645305	0.63170534411492
"cel-miR-5594-5p"	17.771407981274	0.101215416180486	0.124711184734054	0.811598545842762	0.417022025971705	0.645582174821582
"cel-miR-2208b-5p"	70.2014116618298	0.113622770229905	0.142557434157923	0.797031532596441	0.425432718279782	0.651396706149578
"cel-miR-240-3p"	8629.08694391601	0.0438837449180709	0.0556650447807506	0.788353716248986	0.430489835527242	0.651396706149578
"cel-miR-40-3p"	14220.8854508346	0.0585665089909012	0.0743546183501257	0.787664711223714	0.430892852204535	0.651396706149578
"cel-miR-4808-3p"	10.4074067502836	0.0910715744881209	0.114949211698099	0.792276633678099	0.428199393124533	0.651396706149578
"cel-miR-53-3p"	265.001567017715	0.0952854217866507	0.120894012410241	0.788173209631836	0.430595397314273	0.651396706149578
"cel-miR-49-5p"	2264.80392829135	0.0447531585254956	0.0574803570059832	0.778581777438112	0.436226116850872	0.656377615074677
"cel-miR-124-5p"	33.5810685814968	-0.111311526295665	0.145122929293079	-0.767015431936802	0.443072340388741	0.663578109791509
"cel-miR-236-5p"	126.436876812182	0.0994577712917665	0.132025572424076	0.753322022890388	0.451256427950126	0.666534723852938
"cel-miR-4812-5p"	341.611507839288	-0.078140779370618	0.102904193940337	-0.759354661637245	0.447640427118263	0.666534723852938
"cel-miR-4923b"	6.78877031295608	0.0728302896898432	0.0964260999982149	0.755296436246944	0.450071136504512	0.666534723852938
"cel-let-7-3p"	9505.27696904341	0.0555415597410986	0.0760861737758142	0.729982294874629	0.465401007014956	0.68155312948609
"cel-miR-2208b-3p"	28.403644179756	0.099068137025859	0.136985041487911	0.723204051696417	0.469554529949595	0.68155312948609
"cel-miR-240-5p"	69745.289691373	-0.0375249664874301	0.0522203069581305	-0.718589542522549	0.472393858598338	0.68155312948609
"cel-miR-4810a"	42.7622070510375	0.104177013494486	0.14554225978715	0.715785323430051	0.474123916164237	0.68155312948609
"cel-miR-800-5p"	250.758426231498	-0.0790617970686257	0.109084402477251	-0.724776368327393	0.468589235621398	0.68155312948609
"cel-miR-8189-3p"	63.4567517269925	0.104845158575124	0.145751976789382	0.719339530650958	0.471931744876842	0.68155312948609
"cel-miR-788-3p"	1388.54991109279	-0.0567621220770719	0.0797897733537195	-0.711395955787933	0.476838904411421	0.682409454313234
"cel-miR-241-3p"	8085.85019595851	0.0323209837858795	0.0459032979885317	0.704110275343495	0.481364101564759	0.685837348247134
"cel-miR-1822-5p"	97.243560949462	-0.0939350769999164	0.138520900368539	-0.678129269662552	0.497689733861204	0.698000143492507
"cel-miR-35-5p"	27.5016289963691	-0.0957264134129928	0.14074672401945	-0.680132444146722	0.496420602928613	0.698000143492507
"cel-miR-37-3p"	23621.9357543889	-0.0405867002861137	0.0594379965139059	-0.682840988367066	0.494707326266069	0.698000143492507
"cel-miR-73-5p"	87.6215311460623	-0.0984614175893264	0.145933556238673	-0.674700323401244	0.499866179041602	0.698000143492507
"cel-miR-8201-3p"	20.9199403723928	-0.0910774509644461	0.135474779305528	-0.67228344221211	0.50140326870647	0.698000143492507
"cel-miR-8206-5p"	13.3908362730558	-0.0780463130246626	0.116500439234322	-0.669922907910116	0.502906935684042	0.698000143492507
"cel-miR-8188-5p"	22.9229882713444	0.0914584907285893	0.138353380838194	0.661049915618263	0.508580303013674	0.702844882276408
"cel-miR-8186-3p"	11.475424696173	0.0686395666048148	0.104957346902849	0.653975816179398	0.513127386461263	0.70609836940396
"cel-miR-51-3p"	500.397186147292	-0.0609653586063421	0.094652134698689	-0.644099140504504	0.519511147676692	0.708824531999555
"cel-miR-8189-5p"	4.93643966383674	0.0588975785113935	0.0914132464847644	0.644300260369921	0.519380746836193	0.708824531999555
"cel-miR-2210-5p"	6.91218597638954	0.0572812969500614	0.090653436171183	0.631871216022035	0.527471033352763	0.716648408183922
"cel-miR-5547-3p"	134.090486946062	0.0792637087313	0.130438852574157	0.607669472454434	0.543406713915467	0.734201808326755
"cel-miR-5552-5p"	32.3597203753994	0.0878464027942616	0.145118361649345	0.605343126781766	0.544951031646256	0.734201808326755
"cel-miR-4924"	5.41739309981864	-0.050738651507049	0.0845551815409352	-0.60006554988573	0.54846255068996	0.735853922175696
"cel-miR-791-3p"	183.843894000761	0.0676559924900067	0.117235596815388	0.577094281326047	0.563875767271978	0.753394178678742
"cel-miR-244-3p"	36.2039186454216	0.0828090890510381	0.145191253306194	0.57034488762489	0.56844380153058	0.756359107821681
"cel-miR-5549-3p"	6.76473387140774	-0.0461150673394402	0.0822975936848533	-0.560345269826857	0.575243954828121	0.762257421624095
"cel-miR-41-5p"	19.7670629419327	0.0728703399223559	0.134314735759034	0.542534216447316	0.587450542688256	0.775242109613191
"cel-miR-4806-5p"	108.62639741943	0.0712486609182959	0.13272844609471	0.536800233971362	0.591405610040455	0.777275944624598
"cel-miR-793"	25093.9098072752	0.0342217275419523	0.064767790899732	0.528375710620292	0.597238592577536	0.781751328495799
"cel-miR-4814-3p"	22.1892450120876	-0.0685733007058498	0.135411000812776	-0.506408639580632	0.6125698107521	0.796406804645534
"cel-miR-8201-5p"	73.6634793028076	0.072790141141565	0.144066915918278	0.505252303609077	0.613381638360536	0.796406804645534
"cel-miR-45-5p"	3407.87682083807	-0.0358690970507111	0.0715438941055229	-0.501357907605733	0.616119257891289	0.796748598558213
"cel-miR-5595-5p"	6.57977280894588	-0.0466555164687067	0.102086060391179	-0.457021421827127	0.647655648242404	0.834180474936216
"cel-miR-1819-5p"	47.362754452394	0.0658475786653317	0.14631427158047	0.450042076921504	0.652680101133684	0.834716207346142
"cel-miR-4805-3p"	55.7231402807726	0.065191978415798	0.145115085503969	0.449243289830228	0.653256162270894	0.834716207346142
"cel-miR-4920"	32.6256100795379	-0.0624338108551799	0.144268079409916	-0.43276247324111	0.665187338599879	0.846250378984799
"cel-miR-74-3p"	4278.70489363489	-0.0363626227624291	0.0846571913077564	-0.429527866454241	0.667539118826519	0.846250378984799
"cel-miR-785-3p"	14320.1022260297	-0.0254465163607327	0.06168327798278	-0.412535085567868	0.679947269846271	0.858600081923527
"cel-miR-1-5p"	1834.19572711425	0.0263356165905084	0.0663355186877127	0.397006266197878	0.691362839784438	0.864742245765448
"cel-miR-72-3p"	784.288675430338	0.029315024604068	0.0742216485629926	0.394965959011111	0.692868010582253	0.864742245765448
"cel-miR-8212-3p"	74.3376754548138	-0.0576705837296486	0.14600236741529	-0.394997593193884	0.692844664209844	0.864742245765448
"cel-miR-4922"	16.8311418502913	0.0479127176784377	0.122872075278897	0.389939842471813	0.696581031256996	0.866019660481671
"cel-miR-58a-5p"	7392.61624685629	0.0230630739494899	0.06118162578578	0.376960789342906	0.706202744572765	0.874604937509347
"cel-miR-2217a-3p"	83.938632865561	-0.0491029148765903	0.138300121115949	-0.355046072847783	0.722555075620041	0.884280970177137
"cel-miR-241-5p"	27682.367367072	0.0188323413078789	0.0528706965935533	0.356196201700417	0.721693636261086	0.884280970177137
"cel-miR-44-5p"	2281.67051891709	-0.0231449073011724	0.0644523910966499	-0.35910083252715	0.719519658824051	0.884280970177137
"cel-miR-46-5p"	56522.7670166487	0.0209551079146003	0.0601943097522079	0.348124399147739	0.727746761170625	0.884280970177137
"cel-miR-5546-3p"	17.5861172843483	0.0441777498112971	0.126580335644263	0.349009580251491	0.727082117271894	0.884280970177137
"cel-miR-5551-5p"	433.106536993096	-0.0303848050248412	0.0893708786128264	-0.339985524328061	0.733867429211626	0.888365835361441
"cel-miR-8190-3p"	23.1305002347189	0.0462410602390064	0.13900860135437	0.332648913725314	0.739399316215113	0.888382760527114
"cel-miR-90-3p"	1348420.6261467	-0.0142623394042106	0.0427044257317008	-0.333978016560079	0.738396147401813	0.888382760527114
"cel-miR-39-5p"	523.387892434056	-0.028663041067895	0.0889109049191652	-0.322379364982895	0.747165314824493	0.891063819901803
"cel-miR-4936"	42.2634349398106	-0.0477210820929792	0.146565312757478	-0.325596017196398	0.744730025952008	0.891063819901803
"cel-miR-87-3p"	15690.3200361509	-0.0201273090780679	0.0639736925600097	-0.314618529471121	0.753051308645771	0.894769451601248
"cel-miR-1828"	198.587317876366	-0.0342062325903735	0.114800802938715	-0.29796161450747	0.765732460823598	0.903171620458602
"cel-miR-4925"	11.0663535798433	0.0360566153710508	0.119876730689442	0.300780770076726	0.763581673037691	0.903171620458602
"cel-miR-2209b-3p"	6.08249779918942	0.0283889850674706	0.0969224654844732	0.292904074670061	0.769595474247581	0.904415119371245
"cel-miR-358-5p"	743.980592374633	0.0224222056388111	0.0790987610330741	0.283471009481875	0.776815801720702	0.906492868364139
"cel-miR-72-5p"	1884593.54308087	-0.0142162599235229	0.0501918044109479	-0.283238669945527	0.776993887169262	0.906492868364139
"cel-miR-4816-5p"	515.226661440488	0.024328969855461	0.0908737358710126	0.267722787252786	0.788912708211819	0.917075422542258
"cel-miR-2208a-5p"	5.38927754780219	0.0220090831055957	0.0945493192621095	0.232778863743928	0.81593312640589	0.920271838724842
"cel-miR-2211-3p"	4.69834754344292	-0.0186327469611014	0.0780596697497686	-0.238698767504799	0.811339172522176	0.920271838724842
"cel-miR-234-5p"	5.34196889073284	-0.0218768514951514	0.0910454739078125	-0.240284887937457	0.810109409561467	0.920271838724842
"cel-miR-253-5p"	32.9935796113065	0.034027970611731	0.145211227149368	0.234334295493068	0.81472546306014	0.920271838724842
"cel-miR-4807"	41.1220434527603	0.0338111166373286	0.146425178156582	0.230910537811825	0.817384303960574	0.920271838724842
"cel-miR-5545-5p"	7.47292544810837	-0.0252581159040545	0.103658974357536	-0.243665500846413	0.807489894449795	0.920271838724842
"cel-miR-76-3p"	10036.3644827244	0.0144280402875187	0.0620195200248428	0.23263708396549	0.816043228398718	0.920271838724842
"cel-miR-786-5p"	265.771801594917	-0.0270656791697709	0.10628929968718	-0.254641617259949	0.798999912550605	0.920271838724842
"cel-miR-8192-5p"	15.109490304024	0.0309897467959246	0.126104510859999	0.245746536619372	0.805878445573538	0.920271838724842
"cel-miR-1820-3p"	47.525402902347	0.0324860501056814	0.146564867439906	0.221649640006676	0.824586636350889	0.925145982247339
"cel-miR-1022-3p"	18.2055006824307	-0.0280095959991216	0.132471926270741	-0.211437976238654	0.832545525766066	0.927126367056503
"cel-miR-35-3p"	35225.9757154348	0.0150943044221752	0.07046449787344	0.21421148064215	0.830382143616546	0.927126367056503
"cel-miR-357-3p"	5857.97874741203	0.0120381735444713	0.0580224839091172	0.207474288128152	0.83563947089918	0.927126367056503
"cel-miR-8211-3p"	12.8392504505012	0.0255672996782029	0.124950018159169	0.204620215786072	0.837868859669075	0.927126367056503
"cel-miR-356b-5p"	63.5879646523905	0.0285824371137902	0.146584681554227	0.194989249973003	0.845401363375611	0.927818812138476
"cel-miR-8186-5p"	17.4247084535264	-0.0251372182227057	0.129567335537023	-0.194008915275741	0.846168901155938	0.927818812138476
"cel-miR-8208-5p"	8.29084619462474	0.0204984577206381	0.108404408361361	0.189092473548746	0.8500203403132	0.927818812138476
"cel-miR-8211-5p"	16.9878614164381	0.024695027477592	0.128294852846864	0.192486502222101	0.847361139888121	0.927818812138476
"cel-miR-259-3p"	1104.40765595125	0.0126629731958606	0.0727308758617949	0.174107255629963	0.861781171123809	0.937478165884684
"cel-lin-4-5p"	77681.4677278664	0.0112040888708959	0.0676199103829849	0.165692157937482	0.86839921780848	0.937895621037497
"cel-miR-2221"	8.82614576474723	-0.0161370780741021	0.0992980714750388	-0.162511495282752	0.870903076677676	0.937895621037497
"cel-miR-61-5p"	2666.64564198617	-0.0152678247391904	0.0914255590568955	-0.166997335282238	0.867372145620231	0.937895621037497
"cel-miR-1824-3p"	35.5411620280426	-0.0215575136047939	0.146139511738665	-0.147513245037688	0.882726926065768	0.939708440105777
"cel-miR-36-5p"	134.923523053263	0.0183230231015221	0.128648959743536	0.142426515830749	0.886743119273932	0.939708440105777
"cel-miR-360-3p"	8.80070561385783	0.0158675045133513	0.112059127478119	0.141599393734792	0.887396445837148	0.939708440105777
"cel-miR-42-5p"	612.82709506103	0.0129098175843207	0.0881120671763871	0.146515885939631	0.88351415007852	0.939708440105777
"cel-miR-5592-3p"	31735.0866220238	-0.00983660350180003	0.0706579460678073	-0.139214399076366	0.889280730484459	0.939708440105777
"cel-miR-58b-3p"	20.9393315266745	0.018683324393564	0.135207995754367	0.138182097066996	0.890096503826901	0.939708440105777
"cel-miR-1819-3p"	100.372325925145	0.0135211271481229	0.135934479169396	0.0994679733261305	0.920766715349087	0.965755317076242
"cel-miR-392-5p"	27.3545808819146	0.0145765227808773	0.142527834428577	0.102271411330408	0.918541246752944	0.965755317076242
"cel-miR-255-5p"	52.8657541038492	0.0120924664671044	0.146437317349511	0.082577765599479	0.93418728136129	0.97067825773793
"cel-miR-40-5p"	7.33929616644865	-0.00852776986077978	0.0965897204975368	-0.0882885861647902	0.929647310450755	0.97067825773793
"cel-miR-63-3p"	20545.2350487749	-0.00433490769437969	0.0527492083600818	-0.0821795782182799	0.934503912729063	0.97067825773793
"cel-miR-4811-3p"	51.3617839201906	0.00841512287575271	0.146581878884056	0.057409025861982	0.954219373263794	0.987464322389241
"cel-miR-55-3p"	88172.215210968	-0.00254188820204034	0.046922111702799	-0.0541725022552365	0.956797728526221	0.987464322389241
"cel-miR-228-5p"	1744062.36666127	-0.00257804534094905	0.0647476159288514	-0.0398168381023011	0.968239152011862	0.99607989440198
"cel-miR-2212-5p"	1531.56658244786	0.00151684961441682	0.0680714850773296	0.0222831867513052	0.982222060582047	0.999528582358886
"cel-miR-2215-3p"	6.39794075197607	0.0010897339912415	0.10069274611114	0.0108223683763545	0.9913651679187	0.999528582358886
"cel-miR-250-5p"	3161.68058510273	0.00024241879613146	0.087150250887232	0.00278161902763927	0.997780591985888	0.999528582358886
"cel-miR-254-5p"	12.4387456641314	0.00117383701321257	0.122566857838831	0.00957711598314864	0.992358683831924	0.999528582358886
"cel-miR-37-5p"	262.295503985536	-0.0034092566955913	0.109216804072953	-0.031215495861919	0.975097682025877	0.999528582358886
"cel-miR-4814-5p"	57.8188465023468	-0.00183258897897316	0.146336789250593	-0.0125230913453688	0.990008279925963	0.999528582358886
"cel-miR-59-5p"	132.809019289918	7.63510435973113e-05	0.129225786288324	0.000590834428563348	0.999528582358886	0.999528582358886
"cel-miR-65-3p"	746.068466778269	-0.000187126345152763	0.0929182022361505	-0.00201388254022805	0.998393155300034	0.999528582358886
"cel-miR-788-5p"	39572.6742518021	-0.00060299722637675	0.0498156560886723	-0.0121045726127426	0.990342184242704	0.999528582358886
"cel-lsy-6-5p"	2.98668423076455	-0.00795987644574874	0.0632472834413182	-0.125853254284574	0.899848086039041	NA
"cel-miR-1823-3p"	3.98657325554877	-0.0243373606296377	0.0666406580039966	-0.365202886024597	0.714959964129927	NA
"cel-miR-1832b-5p"	3.23675985878949	0.0210532705609503	0.0644529083459596	0.326645780636369	0.743935813252828	NA
"cel-miR-1833"	4.18555119759459	0.0121059082221014	0.0742851221690231	0.162965448108929	0.870545639357188	NA
"cel-miR-2207-5p"	3.08039012319568	0.0358029258416309	0.0631533419618011	0.566920525968153	0.570768177995349	NA
"cel-miR-2218a-3p"	3.69463635411472	-0.125381686063302	0.0728115040439159	-1.72200379197879	0.0850688315820356	NA
"cel-miR-269"	3.88363163162593	-0.0100996429884746	0.0641352263264901	-0.157474192685636	0.874871145374248	NA
"cel-miR-4815"	4.1325323004917	-0.038127084514427	0.0653312945861957	-0.58359603549756	0.559492128099086	NA
"cel-miR-4923a"	3.55270866791695	-0.0440857614199003	0.0653323718955566	-0.674791992710412	0.499807928400751	NA
"cel-miR-796"	4.69593436827912	0.018268484718067	0.0820367435785948	0.222686614816261	0.823779419630687	NA
"cel-miR-8195-3p"	4.67099754787512	-0.0182452300302673	0.0781945006177428	-0.233331370954844	0.815504100297324	NA
"cel-miR-8209-3p"	3.90469951900619	0.0200897406616986	0.0754079894879189	0.266413954252383	0.789920419516493	NA
"cel-miR-1821-5p"	4.03961839804491	0.0662054727261331	0.0782009481633475	0.84660703330402	0.397214192346708	NA
