"N2-1"	"N2-2"	"N2-3"	"RB-1"	"RB-2"	"RB-3"
"cel-let-7-3p"	13.137181399767	13.2405547153596	13.2056990216752	13.3352947989765	13.1543489589609	13.1924365019088
"cel-let-7-5p"	17.5426450308349	17.5052214452417	17.4885697606838	17.4146077182228	17.4528700926838	17.4332473534871
"cel-lin-4-3p"	11.4307158783696	11.4095628039735	11.3911806238141	11.4380581820197	11.5054585061388	11.4643273979682
"cel-lin-4-5p"	16.1913626692627	16.1867577234463	16.3371965287339	16.2315576617292	16.232179715479	16.2791534425775
"cel-lsy-6-3p"	10.6567006224876	10.6931538684393	10.7411677820758	10.6033934282476	10.5313158252623	10.5133460111762
"cel-lsy-6-5p"	1.59796346804425	1.60831289008805	1.58284215283549	1.60439121551001	1.59804733396252	1.58210841964995
"cel-miR-1-3p"	14.8817114399577	14.792793902098	14.6761376039807	14.953885538198	15.0702786466728	15.0545248094543
"cel-miR-1-5p"	10.7934584914665	10.867451380965	10.8363502092181	10.8556519230708	10.8058122049906	10.8810037029388
"cel-miR-1018"	10.3861916142914	10.3096318287894	10.3457936576032	10.5284149838376	10.5010438587684	10.5400319051228
"cel-miR-1019-5p"	3.74529678857549	3.76153371229127	3.7925113462909	3.80125254873702	3.83544547366676	3.79095039503794
"cel-miR-1020-3p"	11.0060049125596	10.9750393016375	11.0104388906533	10.9322051945199	10.9355181659188	10.8820128044123
"cel-miR-1020-5p"	3.74750131325182	3.78258000222919	3.76457058901206	3.72896991501544	3.7359192563812	3.73081056550867
"cel-miR-1022-3p"	4.2060165707294	4.16633879155479	4.19264071263599	4.16348693799637	4.20650966876346	4.17913217643385
"cel-miR-1022-5p"	12.6407967723564	12.6652220583005	12.6661078909441	12.8405013707207	12.8382116918643	12.8227373166916
"cel-miR-124-3p"	10.5937078869105	10.5945592719541	10.615392619952	10.7755895391635	10.7757690934039	10.7892364384628
"cel-miR-124-5p"	5.03984988650349	5.07522850675541	5.10263995779515	5.06286564049751	5.0441350530741	5.03989211116438
"cel-miR-1817"	10.8179304480052	10.8680913715736	10.775712532349	10.6892877773615	10.8126260920139	10.7462591857502
"cel-miR-1819-3p"	6.66225250666756	6.6425368748613	6.63210596192609	6.65514073771538	6.60902403907972	6.68568986986264
"cel-miR-1819-5p"	5.52772072670136	5.62472111278147	5.51068428941303	5.57662594058427	5.5725646194289	5.56917310334781
"cel-miR-1820-3p"	5.53222812895895	5.59839523169123	5.56426794243853	5.56293584540302	5.60005102940359	5.55474935259993
"cel-miR-1820-5p"	11.3503603283016	11.3085761642362	11.1520494780733	11.4009849595125	11.3917619417613	11.3597573321889
"cel-miR-1821-3p"	9.37830646400435	9.33145381962725	9.436065315159	9.35538342445321	9.33090141522793	9.29694134323172
"cel-miR-1822-3p"	9.73046860738549	9.78065355575791	9.79951926285736	9.79396205989832	9.80147408571167	9.85792876268785
"cel-miR-1822-5p"	6.64523854254346	6.55264701945161	6.64301177315665	6.60482629826663	6.58761320784268	6.56340450092636
"cel-miR-1823-3p"	2.03905446076771	2.02108883298019	2.00040671088157	1.99922928728003	2.03125982384089	2.01328616938142
"cel-miR-1824-3p"	5.13049990931065	5.16267427089193	5.16062777296032	5.15061530499828	5.14901167004459	5.1403596354734
"cel-miR-1824-5p"	6.22216391225513	6.23017277533759	6.19703170530585	6.31240143831609	6.22649681313908	6.33343762966544
"cel-miR-1828"	7.66668674647096	7.60542973646359	7.64624936623267	7.62406294540383	7.64163523919813	7.61432059737935
"cel-miR-1829a-3p"	8.23602594203509	8.19263000998023	8.27683154122539	8.12032658962059	8.16453987761717	8.06460216198842
"cel-miR-1829a-5p"	10.7684472077797	10.89473084483	10.8068496906933	10.7048838730511	10.7002262661388	10.7475326132568
"cel-miR-1829b-3p"	7.61964950628712	7.58050689421107	7.62146703153664	7.36465388584408	7.45642638776337	7.41191420270071
"cel-miR-1829b-5p"	13.986607903013	13.9730542331592	13.9222082561765	14.034452510758	14.080562207355	14.0108346414526
"cel-miR-1829c-3p"	7.63654683532564	7.57503378168956	7.57979592533285	7.35914700355426	7.45097133846308	7.40639947664374
"cel-miR-1829c-5p"	13.9665409903593	13.9998560087948	14.0111423760252	13.9356609436157	13.9446686990923	13.9104517956986
"cel-miR-1830-3p"	11.7694742427613	11.7140698630011	11.6838367599342	11.5479217928625	11.5927645418692	11.6163470033884
"cel-miR-1830-5p"	10.1426921447277	10.1393081839594	10.1155412046146	10.0740341571784	10.008805633307	9.93671601413401
"cel-miR-1832a-3p"	7.62446494899184	7.60321762075478	7.63290744545439	7.59970573950441	7.54695232506672	7.54209890747681
"cel-miR-1832a-5p"	6.48268353819769	6.43427681715537	6.52708025946137	6.41111672997671	6.45619156409739	6.42480899966897
"cel-miR-1832b-5p"	1.72728116277185	1.71644571963057	1.70423808122274	1.72562876798945	1.73143466146578	1.70344581450287
"cel-miR-1833"	2.0311953389454	2.03266367659721	2.0471442535164	2.04209829384744	2.01858282682089	2.05687472224437
"cel-miR-2-3p"	15.6415796153288	15.7008382333082	15.6998786386714	15.7749756807886	15.7984358738945	15.8256528611001
"cel-miR-2-5p"	9.53598881615976	9.5346990194045	9.44881257135277	9.59403576160003	9.63275009215494	9.64211462015449
"cel-miR-2207-5p"	1.61276277340531	1.64410877764005	1.61414947646615	1.63580077919763	1.62941035894009	1.62739545595823
"cel-miR-2208a-5p"	2.43318441812063	2.43131449269099	2.43195698758702	2.42733893860982	2.44551846989483	2.43276070618869
"cel-miR-2208b-3p"	4.81026597885072	4.74458126829385	4.84823562338894	4.85211728641887	4.79975174662367	4.82552730908441
"cel-miR-2208b-5p"	6.11515256980173	6.10895439089939	6.12704362892941	6.11050579575694	6.1616645882547	6.16743834386174
"cel-miR-2209a-3p"	9.36790100843409	9.29486891475787	9.37042396078884	9.42048596382337	9.37240038259959	9.34689091568679
"cel-miR-2209b-3p"	2.58983513230091	2.57913424962268	2.60454805076533	2.60195665913942	2.58997098377135	2.59415110446017
"cel-miR-2209c-3p"	2.28912550315093	2.26117125903056	2.2627227390867	2.28808494815124	2.31315618104739	2.28457749841134
"cel-miR-2210-3p"	7.38380289565075	7.39502008843425	7.44824240499155	7.53162164534617	7.44352356252701	7.46215302735041
"cel-miR-2210-5p"	2.77630342350585	2.74406785701258	2.78835237495056	2.78036389418575	2.77647552172472	2.78632078121642
"cel-miR-2211-3p"	2.23504537294486	2.22868502403527	2.23873162327066	2.22460233690704	2.25541272384211	2.21123433574949
"cel-miR-2212-5p"	10.6022552608692	10.5887718164761	10.5482063536008	10.6043561054638	10.6076727864417	10.5294126079141
"cel-miR-2215-3p"	2.68270254613178	2.67721845748308	2.67900336312824	2.68667885230798	2.68287104582107	2.66974199999683
"cel-miR-2216-3p"	4.65015664490728	4.61557339094763	4.65483733535268	4.61365709616761	4.58355272890579	4.6049030161405
"cel-miR-2216-5p"	8.20820295111952	8.02004518847608	8.1412321249235	8.00535515724465	7.98132247800694	7.99441204856398
"cel-miR-2217a-3p"	6.39064476142453	6.41238440352306	6.3899391837516	6.39991710887247	6.38051319073699	6.37180328134723
"cel-miR-2217a-5p"	6.2200743701775	6.24880928003902	6.24952959523069	6.18212127508044	6.19412195563903	6.23580463870091
"cel-miR-2217b-3p"	7.09630037232997	7.03803642163079	7.05328017684867	6.9352525692786	6.99877565586201	6.93314880257978
"cel-miR-2218a-3p"	1.88632178032726	1.8760470457089	1.88139365055774	1.87199404913469	1.8532026827169	1.8539346007059
"cel-miR-2220-3p"	6.97280734597787	6.88263857908499	6.92347817618745	7.04795279854184	6.97962727309516	6.97773256753903
"cel-miR-2221"	3.19290937955075	3.12796355083013	3.13406757437892	3.13738770115979	3.16998495117177	3.13862642540143
"cel-miR-228-3p"	11.9441993403734	11.9391204162509	11.9298685423631	11.8664779587499	11.9677649543013	11.8687589769124
"cel-miR-228-5p"	20.7712418963054	20.6507877788123	20.7753735727368	20.7694251158371	20.7425235013989	20.6835412989142
"cel-miR-229-3p"	15.8853687310881	15.8765282666979	15.9031808071327	15.748767338621	15.7192815800212	15.6536800549589
"cel-miR-229-5p"	18.5866246242188	18.5465638826433	18.5779560210009	18.4459346735466	18.4827622923164	18.4222814954568
"cel-miR-230-3p"	13.6378927483163	13.5923419240555	13.6613874285206	13.6324787878663	13.6103451517621	13.5479899334271
"cel-miR-230-5p"	16.1059091175794	16.0088880232916	16.0518067637667	16.0453052744652	16.0336844681449	15.9686669514719
"cel-miR-231-3p"	10.3841626114366	10.4214541244751	10.4230525393826	10.5363859281411	10.5380141567298	10.5456160830296
"cel-miR-231-5p"	7.5365458006397	7.57447683474945	7.54662147767046	7.60443557639919	7.71342963307847	7.63391141239829
"cel-miR-232-3p"	12.1470288480372	12.2393826393079	12.1579829934928	12.3233063018942	12.2982274371248	12.3276496593355
"cel-miR-232-5p"	7.8970262354747	7.96633835700764	7.97082462020864	8.022936650376	7.97959907467849	7.96764217817052
"cel-miR-233-3p"	12.8525392089355	12.8374507099428	12.8034305262209	12.7672692392441	12.8154313959726	12.8056469811409
"cel-miR-233-5p"	6.11022140890364	6.11761086656206	6.04488456703029	6.07750091006498	6.02552206914163	6.03434136918659
"cel-miR-234-3p"	10.2096944885673	10.1963641731772	10.2999428737513	10.4022715133217	10.3583330863389	10.39850838283
"cel-miR-234-5p"	2.39233499456954	2.3856237169258	2.41610620580864	2.39957485348676	2.38828462736853	2.39601203227046
"cel-miR-235-3p"	18.601833952766	18.4753146251567	18.500738963869	18.568849095434	18.6471553383536	18.5408996740672
"cel-miR-235-5p"	8.18887915916487	8.25122680376614	8.19402817822521	8.18222360583367	8.19492117534417	8.08578222496844
"cel-miR-236-3p"	17.8536540173402	17.8835626135091	17.8679361571229	17.9038388222265	17.9357745830829	17.8673309825485
"cel-miR-236-5p"	6.96179900337473	6.9647024099656	6.96220922618047	7.05962649806495	6.94578978652496	6.98078425288871
"cel-miR-237-3p"	11.2486746082545	11.2187547338789	11.2748082225852	11.1418855519904	11.0477781753975	11.0669825455902
"cel-miR-237-5p"	20.2667880149349	20.2139876371888	20.2552361107728	19.9303686574006	19.897319758423	19.9126136513583
"cel-miR-238-3p"	18.2210055733659	18.2590968351645	18.3760624735861	18.2422955494387	18.2361363512671	18.2189301887637
"cel-miR-238-5p"	10.7339190639276	10.8121739503857	10.7556480442974	10.6866606889047	10.7188446528665	10.772701564719
"cel-miR-239a-3p"	10.158494894789	10.150417588014	10.1894538848604	10.1390710028052	10.1526972526086	10.0967568292981
"cel-miR-239a-5p"	12.8383520642466	12.7600783554262	12.6546937848352	12.8857846922533	12.9625167277335	12.817064771455
"cel-miR-239b-5p"	12.7232419198193	12.5324507448272	12.4268994491244	12.8058921017928	12.8294378605982	12.6019546741528
"cel-miR-240-3p"	13.0203229123253	13.0819906637604	13.0803311327017	13.1166471581976	13.0459462170114	13.0994227681287
"cel-miR-240-5p"	16.1496058627883	16.0855225875974	16.0657714060554	16.0890665443866	16.0536434821205	16.0906784091355
"cel-miR-241-3p"	12.9518757070878	12.9781332772505	12.9841451891624	12.990614165441	12.9887622513316	12.9925755337072
"cel-miR-241-5p"	14.7695013482551	14.7567412963671	14.7250642817003	14.7152949043323	14.7685849187419	14.800832401567
"cel-miR-242"	14.1480458646807	14.1806890029969	14.1988927529652	14.2301546024778	14.2385024831987	14.2315762972041
"cel-miR-243-3p"	13.1725601107392	13.0814510501862	13.0707780629745	12.967715515809	13.0031132138474	12.9155440366964
"cel-miR-243-5p"	12.5549655208101	12.4754328407792	12.5438819352231	12.5583814463631	12.5959268761797	12.522981342793
"cel-miR-244-3p"	5.16263969320329	5.1687995252463	5.1722058572297	5.15620069433305	5.23890002708417	5.16142863772489
"cel-miR-244-5p"	17.2396772121186	17.2471640128741	17.2312193184926	17.276682890206	17.2745768733467	17.2870038571622
"cel-miR-245-3p"	17.2116576456252	17.2508038581542	17.2896424183897	17.32151445086	17.3515610548785	17.3371399080896
"cel-miR-245-5p"	3.14929642538711	3.15905596158641	3.14436688056654	3.11231306300703	3.10511295559733	3.10417470112446
"cel-miR-246-3p"	17.9612555590462	17.9509590191539	17.9238965878196	17.8294015353411	17.8603298907396	17.8428299179476
"cel-miR-246-5p"	10.4574007213318	10.4283307537983	10.4580855101943	10.1295244636995	10.1238751820247	10.0700015738088
"cel-miR-247-3p"	10.590799826292	10.7472745810988	10.6947589410481	10.8914308291607	10.8541413855796	10.8539722367469
"cel-miR-247-5p"	6.15528426400505	6.24911203927833	6.14570104293536	6.30822957706773	6.30370953373646	6.26211763402386
"cel-miR-248"	14.8229250960698	14.9166993836725	14.8426379150315	14.9188949950719	14.9800072421732	14.9918408947432
"cel-miR-249-3p"	13.0546471859275	12.9915341853927	13.0365256550098	12.8296142205448	12.8203863554394	12.8430733982005
"cel-miR-249-5p"	3.33652525466574	3.33017773762803	3.30390522365699	3.30539003230727	3.3011208970377	3.30693401504014
"cel-miR-250-3p"	15.8672143469458	15.914060112488	15.9268829645253	16.0410437687229	16.0706567936274	16.0199872231073
"cel-miR-250-5p"	11.5462532767388	11.7624937035769	11.5486684794572	11.5796194712586	11.6475304311991	11.6449369837195
"cel-miR-251"	8.65101804594771	8.67363901554274	8.65631265602492	8.76834064033597	8.6985994738591	8.74675001989281
"cel-miR-252-5p"	11.8978633768628	11.905136604312	11.9738128121719	11.8708549242673	11.8986155582499	11.8451943757825
"cel-miR-253-3p"	11.7233853119076	11.6583039467751	11.7005368313424	11.5360990960449	11.5724482522366	11.507652503705
"cel-miR-253-5p"	5.04033717080242	5.03853479313509	5.03501552955286	5.03352849765938	5.02300243821162	5.07829669774531
"cel-miR-254-5p"	3.62810303295209	3.61237124227246	3.64372414967589	3.63074750289695	3.61642905459733	3.63746126645152
"cel-miR-255-3p"	8.53169718618536	8.56354250263042	8.55267378713053	8.65395768049166	8.671987272269	8.59976691145392
"cel-miR-255-5p"	5.77603074929448	5.6957604649762	5.69764123889061	5.70693345119333	5.74895245328121	5.72545997678306
"cel-miR-259-3p"	10.1574782409647	10.0722857409619	10.0828919722981	10.1038637854645	10.0981735703205	10.13532405143
"cel-miR-259-5p"	10.5170730356338	10.6547814619057	10.5327274956069	10.6321787837936	10.6094890414037	10.6811440260265
"cel-miR-269"	1.91267332074999	1.90046317586308	1.94430582021588	1.90057277063543	1.92115354588859	1.92911517184133
"cel-miR-2953-3p"	6.20910123597807	6.14568323603629	6.22870978416745	6.11690185877213	6.08865746736738	6.12235075425045
"cel-miR-2953-5p"	6.76639390701732	6.79144389652307	6.8028154528415	6.72047977244254	6.73085942268971	6.73268392258945
"cel-miR-34-3p"	14.0347349063146	14.1102196657125	14.1493543470263	14.1186522888433	14.1991612903798	14.1531185898532
"cel-miR-34-5p"	13.2822564856321	13.3301955749105	13.3612936275906	13.4090867490511	13.4040608623751	13.4078921536838
"cel-miR-35-3p"	14.9963041957909	15.1005503187842	15.18965257406	15.0999771091196	15.1037874699987	15.1201122481345
"cel-miR-35-5p"	4.75327154980082	4.83669099067664	4.76634370963047	4.76160307920378	4.75755035998834	4.77826230959997
"cel-miR-355-5p"	11.3600839715312	11.3679266210016	11.3444049577302	11.4090106510083	11.4040399342973	11.3747635774978
"cel-miR-356b-3p"	10.6873423614054	10.7636616785012	10.7772783184963	10.6837151474568	10.7027181644333	10.7424951114291
"cel-miR-356b-5p"	5.96751041273471	6.00615637479278	5.96282394878521	6.08553363422251	5.9461341490596	5.92408531011922
"cel-miR-357-3p"	12.4960414329575	12.5037415607624	12.5368059779387	12.4810749346859	12.5740789658304	12.5003781186626
"cel-miR-357-5p"	6.51926475224652	6.5220127706309	6.57811040852844	6.50363355478314	6.53193529424569	6.45910235275805
"cel-miR-358-3p"	11.6191670823063	11.7054609147249	11.6592904783653	11.6084617160086	11.6319431519638	11.6414650825286
"cel-miR-358-5p"	9.50101988609354	9.52893904417382	9.56747427548198	9.55960319182176	9.50719885807333	9.56404492067001
"cel-miR-359"	10.0303114648379	10.0482254344929	10.0069165604833	9.94034780070882	9.98596084281814	10.0038378079827
"cel-miR-36-3p"	13.1221097666565	13.2832559275907	13.1486277466267	13.28487976522	13.2765166766014	13.326851565872
"cel-miR-36-5p"	7.06905450198785	7.12124887931239	7.02639859407982	7.08322308258759	7.08784521731361	7.06807108184224
"cel-miR-360-3p"	3.12324791207177	3.14377207336793	3.13497414288013	3.14040728173339	3.13557919154595	3.13311591256137
"cel-miR-360-5p"	6.51747826476755	6.39604128884462	6.39366503046041	6.77095758179496	6.77211209683123	6.51159057906938
"cel-miR-37-3p"	14.5033435224732	14.5028270428503	14.6094516672773	14.5399724610386	14.5120629297521	14.4912495534231
"cel-miR-37-5p"	7.98081508381343	8.06547540237488	8.05639687691876	8.01074176982681	8.0650601502795	8.02103626374573
"cel-miR-38-3p"	10.9246895753034	11.1034142665719	11.0450301918471	11.104270155317	11.0859037315029	11.1302127870352
"cel-miR-39-3p"	14.2014351622005	14.3119911161496	14.2521348689236	14.2507104806469	14.3003537549061	14.3220008845342
"cel-miR-39-5p"	9.08375392228461	9.02477242526337	9.00362293372473	9.06250050589528	9.0073530347913	9.00368701744095
"cel-miR-392-3p"	9.47991617925968	9.42857871702639	9.50894870612522	9.45612426480042	9.55276192197107	9.52162057599415
"cel-miR-392-5p"	4.78549375858949	4.75086409153922	4.77131515237676	4.78914449399278	4.7455761030946	4.78195149686332
"cel-miR-40-3p"	13.7295708672157	13.6949141598318	13.8917372504881	13.8075025455568	13.8216370529676	13.8084180605198
"cel-miR-40-5p"	2.84505314524883	2.89465275460912	2.86220534428788	2.88281441996761	2.85753406575211	2.85733634608608
"cel-miR-41-3p"	5.0776972302382	5.03698769160021	5.04454456737154	5.18732024925947	5.21298414021225	5.12941523312626
"cel-miR-41-5p"	4.31664817163382	4.30985927770272	4.2729534307356	4.31174433969269	4.29432338670285	4.33625289582975
"cel-miR-42-3p"	10.8740667792933	10.7418357436403	10.8762505605649	10.8058214743144	10.885202504229	10.9957633765176
"cel-miR-42-5p"	9.23072998866122	9.22490842762568	9.30702299196411	9.28837553402345	9.20530255238916	9.28694513675051
"cel-miR-43-3p"	9.6497213089997	9.79075252626169	9.68491974035458	9.92638702433818	9.90025181485913	9.93145126064514
"cel-miR-43-5p"	8.11925508895045	8.0682818728351	8.01121982502702	8.01904299774559	8.053060452479	8.00501791016414
"cel-miR-44-3p"	20.3785148757927	20.4050848790472	20.4661022205564	20.4382346573456	20.4952396736799	20.4206458270884
"cel-miR-44-5p"	11.1928825687177	11.1025575836591	11.1888499464341	11.1451262055883	11.1706780730201	11.1294870925624
"cel-miR-45-3p"	20.3785148757927	20.4050848790472	20.4661022205564	20.4382346573456	20.4952396736799	20.4206458270884
"cel-miR-45-5p"	11.7987869399194	11.6733774752706	11.7575530188577	11.7333142323173	11.7713380113199	11.6607266252409
"cel-miR-46-3p"	17.1781943045114	17.2677360224459	17.3130082501709	17.3219802782038	17.311107825635	17.313011347269
"cel-miR-46-5p"	15.752470086888	15.7296045131177	15.85216820072	15.8191932193452	15.7749471102533	15.7826501054566
"cel-miR-47-3p"	16.2031830779235	16.2873357104363	16.3194181915288	16.3251484838286	16.2802905229091	16.2992842653621
"cel-miR-47-5p"	12.2487023741624	12.2592950373426	12.3078918745357	12.3577659462283	12.3290768028308	12.287956464298
"cel-miR-48-3p"	12.7458711953225	12.7142359433424	12.7418441150889	12.7171373270812	12.7075949107404	12.6990254067206
"cel-miR-48-5p"	19.0801508677548	19.1037823463341	19.0853400010758	19.1775205347693	19.1986514921588	19.2073544022997
"cel-miR-4805-3p"	5.81261862414924	5.77520824531056	5.78907793712492	5.80780038882378	5.80092606143677	5.81612605065969
"cel-miR-4806-3p"	5.66217763944271	5.56905147221273	5.63032535267636	5.69712169468876	5.66647710796759	5.66608192385883
"cel-miR-4806-5p"	6.76479403288563	6.72651391867621	6.76219011660409	6.75387738340941	6.76914407543543	6.79620227902849
"cel-miR-4807"	5.36270303075858	5.35330588832774	5.35704875320782	5.39379966680781	5.37718134566797	5.32340202505388
"cel-miR-4808-3p"	3.37035633642632	3.3789241694001	3.3603074868412	3.39290965144418	3.36250699088472	3.39961477903286
"cel-miR-4809-3p"	5.30851984754013	5.27205390098636	5.27857079882745	5.29813300015691	5.35646107375443	5.31196895276944
"cel-miR-4810a"	5.41361920308303	5.39748317990247	5.38348377625487	5.41594327488011	5.36548051755427	5.48941181315403
"cel-miR-4810b-3p"	2.4957131631418	2.48580704953521	2.4654969016213	2.52122754560683	2.48369554653148	2.48267823753022
"cel-miR-4811-3p"	5.70276352443261	5.6390093937717	5.68530327290533	5.68290976995512	5.63074875064104	5.71967637839972
"cel-miR-4812-3p"	3.30944260864698	3.2980865263333	3.30495210447164	3.27708137399118	3.27350826930626	3.30103412739836
"cel-miR-4812-5p"	8.40159423902637	8.43972169876209	8.4561062573118	8.38767603166053	8.45493326133936	8.34370653478575
"cel-miR-4813-3p"	10.8029779878714	10.810876026698	10.8198451832075	10.8323652876421	10.8426481231305	10.8414038612282
"cel-miR-4813-5p"	8.33373229456736	8.32394486969301	8.28978971865436	8.23558142141576	8.19243263289464	8.26069810517373
"cel-miR-4814-3p"	4.515488656533	4.44504820356786	4.4647299255244	4.48382402287778	4.43797252766356	4.46276639748526
"cel-miR-4814-5p"	5.83642883090814	5.88388946608908	5.83265608477597	5.90558581863217	5.84395465248198	5.80021950051925
"cel-miR-4815"	2.01400348627223	2.03765467914299	2.02461545643865	2.00202430846749	2.00142427490476	2.04418124337426
"cel-miR-4816-3p"	10.7833471045585	10.7432109704932	10.7529339072434	10.6437055847617	10.7005713420718	10.6359324331056
"cel-miR-4816-5p"	9.03442986223254	8.95540549249122	9.01599248844829	9.0530531274373	9.02069410369146	8.96710525571097
"cel-miR-49-3p"	11.478142597156	11.3542154401521	11.4226294946314	11.4483367050253	11.4575164650267	11.6099889318545
"cel-miR-49-5p"	11.1274597550777	11.1082482931787	11.1605743667728	11.1555273418926	11.1694879098326	11.1472622927
"cel-miR-4920"	5.00436885442507	5.00131934855576	5.0676925726754	4.9919206335193	5.01587650201483	5.02506486177446
"cel-miR-4922"	4.03462327911219	4.0937462692666	4.05372613059692	4.11197542491467	4.0662767096546	4.03436826053416
"cel-miR-4923a"	1.87517974001192	1.84881358967285	1.83231701534373	1.83126566113997	1.84722468088349	1.84990797530531
"cel-miR-4923b"	2.75120258227382	2.77073733302172	2.75874237088579	2.77148169647398	2.79554526901461	2.75000601249527
"cel-miR-4924"	2.42809289035302	2.4309295958228	2.42799727416708	2.42710449388603	2.39908200101653	2.43277978292941
"cel-miR-4925"	3.47326394925559	3.45742661944062	3.46305696983253	3.46707452825434	3.46161397083134	3.4823599353536
"cel-miR-4929"	6.50426825286409	6.4874336100764	6.39983994676151	6.32764395151361	6.32682012624293	6.37144526453331
"cel-miR-4936"	5.40393650171191	5.40630752683651	5.4051439265724	5.40248699341539	5.38067315606854	5.40139033035112
"cel-miR-4937"	4.98598316651283	4.97985874091313	5.04725586863101	4.97861278765727	4.9757872961256	4.94616964546247
"cel-miR-50-3p"	8.37351017334648	8.39050779748158	8.34894743440543	8.30670652241681	8.28307278895828	8.37691362899722
"cel-miR-50-5p"	15.7633419940879	15.6859971563585	15.6733429905119	15.761074016604	15.7483552059949	15.711285760362
"cel-miR-51-3p"	9.02229252101177	9.01026832709733	8.90447533120533	8.92563113553464	8.93649447516143	8.99203637712617
"cel-miR-51-5p"	15.2619569762801	15.3135194183925	15.2870968093201	15.3291638336507	15.2514476897262	15.3971966074542
"cel-miR-52-3p"	13.6751741048781	13.7291253017147	13.7208127297771	13.6106805655327	13.6262508723506	13.6108100680325
"cel-miR-52-5p"	17.9740805212525	17.8918020467241	17.9039702760089	17.9928416817878	17.9689129809483	18.0709107713685
"cel-miR-53-3p"	8.09282345793501	8.01121020824687	7.96643340729529	8.00644865563742	8.02816139552343	8.16366686273897
"cel-miR-53-5p"	14.0368386723752	13.9797661820869	13.9533304992258	14.0711346803713	14.0370253445651	14.1347219532463
"cel-miR-54-3p"	17.006845781442	17.0800365515172	17.0706414898099	17.1466107531779	17.0751380613902	17.1542961806766
"cel-miR-54-5p"	15.0735601087801	15.0955528224755	15.064875769356	14.9263705564735	14.9323037701376	14.9338320132497
"cel-miR-55-3p"	16.406439837411	16.4364548753273	16.4427862512084	16.4397423653949	16.3944944542433	16.4463783800088
"cel-miR-55-5p"	9.9998120912794	10.1197170760624	10.1033762338233	10.0429005609411	10.0471463577468	10.025449349903
"cel-miR-5545-5p"	2.89074435331329	2.89817415270414	2.90707263611542	2.88110567049608	2.91112243536609	2.89123785531482
"cel-miR-5546-3p"	4.15576928442513	4.11601532209609	4.11238419245631	4.17135101400786	4.0982919534041	4.14171775322235
"cel-miR-5547-3p"	7.03291386599101	7.06868365757778	7.05015618760056	7.04449776568018	7.04473374283123	7.14180931875393
"cel-miR-5547-5p"	7.33633192426985	7.32259718561572	7.23467788455538	7.35338389208921	7.44378909490842	7.34758205999369
"cel-miR-5549-3p"	2.80219874932354	2.72245103305796	2.75108085767159	2.74531978833842	2.74251717134239	2.7555227270034
"cel-miR-5550-3p"	5.19756471696077	5.19916877775068	5.20446493128632	5.26294838159828	5.22315208535875	5.27731253527707
"cel-miR-5551-5p"	8.75509193270191	8.78921422049095	8.75153665149683	8.73857734146249	8.75707376036532	8.75868433323968
"cel-miR-5552-3p"	3.9144088151845	3.88441453894055	3.87240763731955	3.89415574897771	3.91095618110097	3.93959601137066
"cel-miR-5552-5p"	4.98750336092892	5.03364800543327	4.99687367340294	5.01738930364235	5.02067976877747	5.03464660454347
"cel-miR-5553-3p"	3.36470667565579	3.33720591135843	3.37708266641878	3.40360567518948	3.42021051924975	3.40163832963597
"cel-miR-5553-5p"	4.29456835410301	4.28577202273733	4.27355369305019	4.29574510208997	4.35118496847077	4.34531741654487
"cel-miR-5592-3p"	15.0088278866352	14.951941951659	14.9040320050004	14.9865939084279	15.003402137637	14.8523399407895
"cel-miR-5592-5p"	13.4051125634593	13.3443781518555	13.3732113352006	13.2560617535429	13.3096238584197	13.1687671732054
"cel-miR-5593-5p"	3.17665319445243	3.19671206570668	3.1863197126354	3.19319589191378	3.22090340165878	3.21708622709811
"cel-miR-5594-3p"	2.91252080240799	2.92351432522702	2.92568280013887	2.93302310190626	2.93714335968643	2.95693295133263
"cel-miR-5594-5p"	4.09049788078664	4.12918582809633	4.14776934643	4.10940533720348	4.13415838694922	4.1887642886988
"cel-miR-5595-5p"	2.72923509720518	2.7200838645215	2.71755128278517	2.71185398402613	2.71318788889637	2.72201648499072
"cel-miR-56-3p"	14.6050895825299	14.5583531965491	14.5722038696218	14.5606753664051	14.5902954369731	14.7067492676069
"cel-miR-56-5p"	12.8501861587049	12.8599167484812	12.9032262227666	12.6797162783058	12.7587606025681	12.7857152594786
"cel-miR-57-3p"	7.12412614726472	7.27066086948452	7.3747239401662	7.20429263709022	7.22099643193424	7.13377021577112
"cel-miR-57-5p"	20.6665275775605	20.5865386798157	20.6081963599004	20.631226710649	20.6910716022889	20.6370272856886
"cel-miR-58a-3p"	20.0098641231909	20.0996963462251	20.0031061071351	20.0486849770704	20.0477936360008	20.1252008430053
"cel-miR-58a-5p"	12.8557712739859	12.8972413060367	12.7759473028107	12.8826740578512	12.8400886934409	12.8523163186279
"cel-miR-58b-3p"	4.39745058723834	4.4031817600657	4.36049707290652	4.36810658313103	4.38287182967417	4.42177226033634
"cel-miR-59-3p"	15.9820063588336	15.936793663096	15.8918387426219	16.0717546345042	16.099269638216	16.0693500010969
"cel-miR-59-5p"	7.04459283970512	7.08891530802202	7.02550952783607	7.0472410614926	7.09195735505012	7.0196780935322
"cel-miR-60-3p"	16.032896737347	16.0868925948711	16.0090349848182	16.3099892736098	16.2344212008816	16.2157487127992
"cel-miR-60-5p"	10.9413260872553	10.9993994611288	11.0449531033393	10.8801399451181	10.919599019849	10.9462426163932
"cel-miR-61-3p"	18.2392969295027	18.1799082014499	18.2289088474045	18.3044302986939	18.3704857209619	18.3033659126685
"cel-miR-61-5p"	11.2737904892438	11.4686234480888	11.3967296343015	11.3201839321939	11.303929480304	11.4857465587445
"cel-miR-62"	11.5514657237	11.5671296025951	11.5111738107255	11.7349328978936	11.7385911602089	11.7295541968589
"cel-miR-63-3p"	14.3384804772782	14.3566908405667	14.2861958618589	14.2896963622961	14.3376575263856	14.346695639515
"cel-miR-63-5p"	11.609515847129	11.6488833295772	11.5726696005308	11.6572537070823	11.6791631572562	11.6737010743748
"cel-miR-64-3p"	10.9191566147746	11.0527784655322	11.0536714452685	10.8479675343425	10.8951359236104	10.8643035579291
"cel-miR-64-5p"	19.0045388387301	18.9688361170936	19.0393847986699	18.8662965659288	18.8461599195788	18.8543171597684
"cel-miR-65-3p"	9.4743879935617	9.62363159339458	9.51978525577339	9.56860403457855	9.47358771290073	9.57886262504959
"cel-miR-65-5p"	19.0388002142093	18.9725350114518	19.0176829540001	18.8296428408127	18.8356492105987	18.7932840799816
"cel-miR-66-3p"	10.2232987417219	10.2461230921436	10.2572342644266	10.169111401442	10.1847300501582	10.1665111546109
"cel-miR-66-5p"	17.682551566391	17.8756924155297	17.7023997221119	17.8097639500361	17.8147718970793	17.8078891821999
"cel-miR-67-3p"	11.3828988864669	11.4219075069364	11.3817212603209	11.5515991611841	11.5113649409001	11.571153504021
"cel-miR-67-5p"	8.77445957282443	8.82182205417547	8.76293604079862	8.66675874231637	8.72078356000391	8.66270551466627
"cel-miR-70-3p"	19.2954790477316	19.2589938692416	19.1947599166356	19.1040731625689	19.0919868811837	19.079372234896
"cel-miR-70-5p"	9.91404214149497	10.0266861324331	9.91344749384381	9.74836248917139	9.74390304129417	9.7748817729242
"cel-miR-71-3p"	14.5540182804527	14.5246673280511	14.5151013697678	14.4721454659957	14.4960805679681	14.4534240002425
"cel-miR-71-5p"	16.4860527202222	16.6050716132195	16.5040751273894	16.5805613476253	16.5771024221644	16.6527791744762
"cel-miR-72-3p"	9.59397630308031	9.62548327246295	9.60251596780259	9.61922494777263	9.6080587239455	9.6406280202732
"cel-miR-72-5p"	20.8156120033535	20.8479034623019	20.8851621903536	20.816283260749	20.8366701714806	20.8700119906404
"cel-miR-73-3p"	17.2129088096696	17.2945183854235	17.2594056252786	17.1110226394468	17.1183596471212	17.1962052634144
"cel-miR-73-5p"	6.34513499721032	6.46649899606483	6.54134692437806	6.45145585749403	6.36811172082479	6.4373614840342
"cel-miR-74-3p"	12.0114504726441	12.1690544527927	12.0286123464961	12.037640619828	11.9580782589715	12.1441960218115
"cel-miR-74-5p"	11.7125426388377	11.7066774839172	11.7312832516163	11.5979599508901	11.6560446358545	11.6271943931451
"cel-miR-75-3p"	11.8494932103187	12.0344706250951	11.9363542033437	11.998717343022	11.9193463953154	12.0588610423804
"cel-miR-75-5p"	8.55555033764958	8.44717884732957	8.51016129668169	8.37759371043229	8.43462307843894	8.33894854247547
"cel-miR-76-3p"	13.2238103879909	13.2797699752244	13.3562159009614	13.3159417591778	13.2988409095816	13.2747295209444
"cel-miR-77-3p"	16.0686156134657	16.163270658642	16.1399931640445	16.2135744625391	16.2026439097403	16.2066589074278
"cel-miR-77-5p"	13.738100220859	13.6963767999483	13.7072408868591	13.5331035694024	13.5599166335094	13.5278642517132
"cel-miR-78"	7.92484359143764	7.9027510077976	7.93989280659863	7.99842261850914	7.9670952712724	8.05341651532933
"cel-miR-784-3p"	8.47383311033004	8.49180171113934	8.54639791471238	8.31737589639995	8.42133714012119	8.32574083666623
"cel-miR-784-5p"	5.25850681790782	5.2084703200841	5.29067029054921	5.19565838427851	5.18159039582021	5.24067926836683
"cel-miR-785-3p"	13.8604185352334	13.7604518999017	13.8156526638529	13.8336908985847	13.8158023447624	13.7400655729223
"cel-miR-786-3p"	11.1321920261576	11.1362523078887	11.1142916312942	11.0748897617976	11.0997265859789	11.1193158419894
"cel-miR-786-5p"	8.08378871194316	8.07148937124701	8.02115970586863	8.02607950713727	8.04438084525727	8.07564766762338
"cel-miR-787-3p"	11.2001502528323	11.2943446570757	11.2944144391366	11.5091924294822	11.3302704490816	11.4126007533583
"cel-miR-788-3p"	10.3900141277727	10.5383766924017	10.4281482448807	10.3890018108565	10.4126090279288	10.4625288582446
"cel-miR-788-5p"	15.30359974065	15.2600958422621	15.252130726559	15.3066711968584	15.2528466033923	15.2551638760497
"cel-miR-789-2-5p"	11.8660917332706	11.5927940044853	11.6909184075487	12.0508141967307	12.064582101378	11.6074944222168
"cel-miR-789-3p"	5.15495076205652	5.16654503504423	5.14420674753794	5.16619628503505	5.11307863200496	5.10038503436862
"cel-miR-789-5p"	12.052687838268	11.9655508852364	12.0023239951227	11.8221920413512	11.8564615932931	11.7452293510469
"cel-miR-79-3p"	14.5849357368158	14.6214640395045	14.5727256457224	14.7480721082913	14.7289062388081	14.727433851094
"cel-miR-79-5p"	10.5160519131221	10.5728792763296	10.5343417170647	10.4955902169624	10.499144650726	10.4790981171891
"cel-miR-790-3p"	10.288863007995	10.2840473467022	10.3447384613159	10.2617532957998	10.2806376442638	10.2228192127008
"cel-miR-790-5p"	8.7650121816128	8.81438590879115	8.80726628076031	8.87248492761482	8.9198506427409	8.85136118147461
"cel-miR-791-3p"	7.49097944707252	7.49485492703025	7.53970079126711	7.51114499408096	7.53328888187747	7.55436498382057
"cel-miR-791-5p"	9.79131004641752	9.7348283054931	9.82356002730866	9.79371582331767	9.87250989204198	9.85865865767299
"cel-miR-792-3p"	8.06635359325146	8.09352093474756	8.0341543201726	8.33481634908937	8.20829184425438	8.26062613364311
"cel-miR-793"	14.6811643747076	14.5307563970035	14.5932353324378	14.6230936916285	14.6528728538236	14.598018677991
"cel-miR-794-3p"	6.17752698906118	6.17180524057658	6.09592660115819	6.10921872070766	6.05725980160524	6.07279640238151
"cel-miR-794-5p"	12.6352832525459	12.5879537915641	12.588799908034	12.1505107220215	12.1802792999628	12.1899414495054
"cel-miR-795-3p"	10.0141664046831	9.82028619709875	9.87269172961309	10.1033950731035	10.2071948201503	10.110374327829
"cel-miR-795-5p"	13.0675349042547	13.0603841911305	13.0910963113814	13.2328860948185	13.2234420386641	13.2155772505821
"cel-miR-796"	2.26552206324329	2.25155043697356	2.23102474259244	2.25203259026831	2.25765170740918	2.24836529270407
"cel-miR-797-3p"	9.8452531775513	9.73970052586339	9.71233742657721	10.003908493603	10.0269333517747	9.91917347416982
"cel-miR-797-5p"	9.28032332100525	9.26910296592554	9.29427087028677	9.46609921544672	9.41582327642041	9.4010358932602
"cel-miR-798"	7.35280976565492	7.27167165800916	7.27064687324452	7.5951729855325	7.52141174079237	7.49059834537471
"cel-miR-799"	8.45974587137378	8.38117841851791	8.46553542054335	7.9938035157499	8.01464811995519	8.03681607392757
"cel-miR-80-3p"	20.3110083539455	20.3815525312979	20.4010365515579	20.263019766895	20.2625827477205	20.3022993480006
"cel-miR-80-5p"	15.8364669779391	15.7837066644801	15.8113723969141	15.6767158897046	15.6627498902081	15.713049058289
"cel-miR-800-3p"	9.25110202205233	9.30455245256461	9.29977594242273	9.18263990621709	9.18131138681899	9.21696660931071
"cel-miR-800-5p"	7.93822861176062	8.01749713005693	7.99708691027936	7.93000379694982	7.9534664201288	7.97214927872668
"cel-miR-81-3p"	19.1976527915217	19.08590709241	19.109188291473	18.9641850700862	19.0242241074926	19.0052819977215
"cel-miR-81-5p"	10.5100111045719	10.3206078595852	10.34492933042	10.3210147002986	10.2875086514645	10.1457475882706
"cel-miR-8186-3p"	3.48251322344191	3.55703137373197	3.49197300661461	3.51641878296721	3.55378358231555	3.50947228012006
"cel-miR-8186-5p"	4.11458475243114	4.08896191252922	4.14305879241072	4.1325102521777	4.11112718879891	4.08817373433912
"cel-miR-8188-5p"	4.46994115526339	4.51788449026454	4.51965434227685	4.5119049076199	4.51621568223659	4.53251128546673
"cel-miR-8189-3p"	5.96013989733123	5.97126958396354	5.98149867549922	6.01996629299946	6.04401032508962	5.93019227769244
"cel-miR-8189-5p"	2.30610992735726	2.29533027016343	2.29942736642323	2.3135863659404	2.3021302320557	2.31019015043965
"cel-miR-8190-3p"	4.51684928303494	4.56150875544431	4.50568377017553	4.54405445828339	4.53238405136545	4.53574634088315
"cel-miR-8191-5p"	5.43301982299573	5.49508960773868	5.54665068642528	5.61791356434451	5.59574188932419	5.51637253463658
"cel-miR-8192-3p"	5.88153736593882	5.89769524139509	5.86074925778501	5.83310888667299	5.79106115307851	5.88783351776333
"cel-miR-8192-5p"	3.87586258082676	3.89773988312457	3.92826065682572	3.92035217233635	3.89209858308586	3.90602536841589
"cel-miR-8193-5p"	8.24901004880681	8.24829455015168	8.19854722859695	8.15622422785436	8.12031639651999	8.20698585859681
"cel-miR-8195-3p"	2.17833312694761	2.21468730399324	2.21234008839981	2.19737419531113	2.19521562928117	2.20281836830505
"cel-miR-8196a-3p"	10.1385042115072	10.0797112719365	10.074460253595	9.96722548143444	9.97600445760605	10.0200899503453
"cel-miR-8196b-3p"	6.53363812478114	6.5402988825839	6.55681954385528	6.44889265092164	6.54073596447199	6.51826370446229
"cel-miR-8198-3p"	4.16707532596489	4.19759053043609	4.16660564058404	4.24831140164957	4.25095923121501	4.20220554941576
"cel-miR-82-3p"	21.3665354814637	21.282286418118	21.29341607465	20.9945219975639	20.9888142823963	21.0336794456835
"cel-miR-82-5p"	9.85774105508021	9.85998950328826	9.91049153389776	9.65861302295136	9.68607568608585	9.6264189893523
"cel-miR-8201-3p"	4.38872725765572	4.39015354861419	4.39945862863834	4.35032550675121	4.41154047066025	4.36172003260469
"cel-miR-8201-5p"	6.20278987174074	6.21562895481735	6.15281565256656	6.16812788593002	6.19811944962637	6.26748547871483
"cel-miR-8202-5p"	3.94792263213212	3.9180289594855	3.9061503009187	3.96547130393845	3.96351444235194	3.9257560141257
"cel-miR-8206-3p"	7.59625784283071	7.57767149130165	7.56748642373462	7.57107612397776	7.65423627888821	7.65049209724446
"cel-miR-8206-5p"	3.7893978960341	3.74513518010824	3.73443915324061	3.72913544146413	3.77479468900963	3.7174637722444
"cel-miR-8207-3p"	4.47038732265379	4.49265808303999	4.49413584109683	4.44195236600338	4.44824014232829	4.4056157942534
"cel-miR-8208-3p"	5.75514453386785	5.84269918662024	5.74444672422856	5.89820278581643	5.85506374759307	5.88416653317756
"cel-miR-8208-5p"	3.05540126941711	3.06772749083968	3.04330621427247	3.06871142971062	3.05961735818762	3.04799655324524
"cel-miR-8209-3p"	1.95190466018346	1.93150297722688	1.95937705527417	1.94535942293611	1.94785314533396	1.95992491243732
"cel-miR-8210-3p"	3.2316039257386	3.29856545850807	3.22396917470163	3.21816964238305	3.22770622141557	3.25561849328588
"cel-miR-8210-5p"	6.38823794592456	6.3646052729194	6.31392709725479	6.30353130665582	6.35328437887694	6.29296633062926
"cel-miR-8211-3p"	3.68546801632278	3.6872368325097	3.67208554497246	3.6927996413589	3.67391387458823	3.69094770319678
"cel-miR-8211-5p"	4.03615058468487	4.09128101828668	4.09313269839371	4.08475636564416	4.0797871390573	4.07056084332477
"cel-miR-8212-3p"	6.15491560219496	6.17770597252169	6.30021828848557	6.14501209051615	6.22326978293072	6.21300757674157
"cel-miR-83-3p"	12.8994413179909	12.7582587180274	12.8413533217574	12.8449857740243	12.9006750993008	12.9252112610827
"cel-miR-83-5p"	8.0111451036692	7.84409107489373	7.89690214098788	8.04457359784681	8.06847169345562	7.98479960643697
"cel-miR-84-3p"	12.4661624336996	12.3985738690353	12.3720264125077	12.3632301184064	12.4149607018927	12.3650521724302
"cel-miR-84-5p"	17.3650917061933	17.2853444289094	17.3001190795283	17.2326181584662	17.2966949248082	17.2262834393161
"cel-miR-85-3p"	16.4432007184037	16.4596687621399	16.3423956758872	16.4449046158495	16.4639468000102	16.4961533664651
"cel-miR-85-5p"	8.85380839891452	8.89650640601035	8.87473791700593	8.70831270589808	8.82519423332328	8.78225622791558
"cel-miR-86-3p"	13.4151272593769	13.411442999113	13.4631668685193	13.3609281823767	13.3695867208147	13.3591729806823
"cel-miR-86-5p"	16.0901174436374	16.1267192306229	16.1486875602988	16.2309428997788	16.2059765686334	16.1876078480398
"cel-miR-87-3p"	13.9801057290243	13.8673222301086	13.9780080346589	13.940721858913	13.9663959358569	13.8829508937262
"cel-miR-87-5p"	10.7047090870305	10.7369570704038	10.7460764689636	10.6145824403093	10.6693617345985	10.6500760980386
"cel-miR-90-3p"	20.3603928670804	20.3550101346848	20.3856568262254	20.3426333058021	20.3731881776854	20.3592379566175
"cel-miR-90-5p"	9.4674843681078	9.46026431326155	9.43926380867286	9.49047896088563	9.53215100884903	9.53366589729108
"cel-miR-1821-5p"	1.98551814883079	2.00840723389923	2.00333244798063	2.01336431481073	2.00645085405197	2.00975361530632
