"N2-1"	"N2-2"	"N2-3"	"RB-1"	"RB-2"	"RB-3"
"cel-let-7-3p"	8681.28174287157	9820.02834228618	9422.93870728756	10969.5271336951	8862.48683519651	9275.39905292357
"cel-let-7-5p"	197230.84838052	188881.894241511	185266.630427934	169895.014897717	177711.139702959	173667.222953048
"cel-lin-4-3p"	2746.66010408869	2674.99679262355	2613.11530301419	2771.80541048724	3011.54188212424	2863.55996301752
"cel-lin-4-5p"	72999.200047902	72603.432275941	86487.3778370112	76527.3630532724	76583.1373907664	80888.2957623054
"cel-lsy-6-3p"	1646.93693901976	1725.77291252774	1835.66982365515	1537.01048490854	1397.51869898223	1363.20416236538
"cel-lsy-6-5p"	3.53041144484407	5.85338466657233	0	4.98705543448586	3.54925383868502	0
"cel-miR-1-3p"	29854.0417804627	26862.1577990115	23309.6374140411	32480.6920448064	37122.5332122663	36464.6723157111
"cel-miR-1-5p"	1726.37119652875	1898.44776019163	1824.43866905766	1870.1457879322	1754.21870977007	1931.55223920521
"cel-miR-1018"	1297.4262059802	1168.72580509228	1226.69166325833	1562.94317316787	1508.43288144114	1586.59508836275
"cel-miR-1019-5p"	4.41301430605509	7.80451288876311	14.9748727966429	16.9559884772519	24.8447768707952	14.5463858788988
"cel-miR-1020-3p"	2114.7164554616	2034.05117163388	2127.67984318968	1926.00080879844	1934.34334208334	1804.79087654624
"cel-miR-1020-5p"	13.2390429181653	21.4624104440985	17.4706849294168	8.97669978207455	10.6477615160551	9.3512480650064
"cel-miR-1022-3p"	22.9476743914865	13.6578975553354	19.9664970621906	12.9663441296632	23.0701499514527	16.6244410044558
"cel-miR-1022-5p"	6050.24261360152	6232.87910578843	6238.28242586817	7684.05501345582	7662.83903772097	7525.67663720459
"cel-miR-124-3p"	1455.41211813697	1456.51721786541	1496.23937359791	1842.21827749908	1842.06274227753	1874.40572325239
"cel-miR-124-5p"	28.2432915587526	37.0714362216248	44.9246183899288	33.9119769545039	29.2813441691514	28.0537441950192
"cel-miR-1817"	1840.22696562497	1960.88386330173	1743.32477474251	1556.95870664649	1827.86572692279	1678.02951388726
"cel-miR-1819-3p"	105.029740484111	98.5319752206342	94.8408610454052	102.733341950409	87.8440325074543	113.254004342855
"cel-miR-1819-5p"	37.9519230320738	64.3872313322956	32.4455577260597	50.8679654317558	49.6895537415903	48.834295450589
"cel-miR-1820-3p"	37.9519230320738	55.6071543324371	46.1725244563157	45.8809099972699	55.9007479592891	43.6391576366965
"cel-miR-1820-5p"	2644.27817218821	2510.12645784843	2050.30966707369	2814.69408722382	2782.61500952906	2675.49597415461
"cel-miR-1821-3p"	677.838997410061	632.165543989812	738.760391301051	655.299084091442	631.767183285934	599.518903723188
"cel-miR-1822-3p"	811.112029452925	871.178751208182	894.748649599415	887.695867338483	897.07390772764	970.451743635109
"cel-miR-1822-5p"	112.090563373799	81.9473853320126	112.311545974822	98.7436976028201	93.1679132654819	85.2002601478361
"cel-miR-1823-3p"	8.82602861211017	4.87782055547694	0	0	7.09850767737005	3.11708268833547
"cel-miR-1824-3p"	30.8911001423856	39.0225644438155	38.6850880579942	35.9067991282982	35.4925383868502	33.2488820089116
"cel-miR-1824-5p"	67.0778174520373	69.2650518877726	58.6515851201848	94.7540532552314	68.3231363946867	101.824701152292
"cel-miR-1828"	213.589892413066	186.332745219219	204.656594887453	194.495161944949	202.307468805046	190.142043988463
"cel-miR-1829a-3p"	323.032647203232	298.522617995189	349.413698588335	259.326882593265	283.052993635131	230.664118936825
"cel-miR-1829a-5p"	1742.25804803055	2043.80681274484	1830.6781993896	1603.83702773065	1594.50228702925	1695.69298245449
"cel-miR-1829b-3p"	231.241949637287	213.64854032989	234.606340480739	124.676385862147	160.603736200497	142.346776100653
"cel-miR-1829b-5p"	16117.2108485744	15860.7213181888	14926.2044600538	17049.7451194203	17991.1677082944	16583.9189295075
"cel-miR-1829c-3p"	241.833183971819	213.64854032989	217.135655551322	124.676385862147	160.603736200497	142.346776100653
"cel-miR-1829c-5p"	16048.3678253999	16687.9996843977	16910.375105609	15473.8356021227	15639.7870401656	15017.0653648375
"cel-miR-1830-3p"	3707.81461994748	3468.1304149441	3343.14035185053	2821.6759648321	2986.69710525345	3075.52158582433
"cel-miR-1830-5p"	1185.3356426064	1180.43257442542	1144.3298628768	1081.19361819653	988.467194073779	891.485648863943
"cel-miR-1832a-3p"	207.411672384589	198.039514552364	212.144031285775	196.489984118743	173.913438095566	171.439547858451
"cel-miR-1832a-5p"	96.2037118720009	80.9718212209172	112.311545974822	73.8084204303908	87.8440325074543	77.9270672083867
"cel-miR-1832b-5p"	5.2956171672661	2.92669233328616	0	4.98705543448586	6.21119421769879	0
"cel-miR-1833"	2.64780858363305	2.92669233328616	6.23953033193455	4.98705543448586	0	8.31222050222791
"cel-miR-2-3p"	48723.208350293	52265.8472519354	52206.1502872964	56997.0565607389	58566.2375921416	60432.9601338852
"cel-miR-2-5p"	726.382154776667	724.844134543873	635.184187790938	789.949580822561	834.074652090981	845.76843610169
"cel-miR-2207-5p"	0	6.82894877766772	0	4.98705543448586	3.54925383868502	3.11708268833547
"cel-miR-2208a-5p"	5.2956171672661	4.87782055547694	4.99162426554764	3.98964434758869	7.9858211370413	5.19513781389244
"cel-miR-2208b-3p"	27.3606886975415	11.7067693331447	37.4371819916073	37.9016213020926	24.8447768707952	31.1708268833547
"cel-miR-2208b-5p"	65.3126117296153	63.4116672212002	68.6348336512801	63.834309561419	78.9708979107418	81.0441498967221
"cel-miR-2209a-3p"	663.717351630685	594.118543657091	666.38183945061	717.138571479067	668.147035132456	643.158061359885
"cel-miR-2209b-3p"	5.2956171672661	2.92669233328616	8.73534246470838	7.97928869517738	5.32388075802754	6.23416537667093
"cel-miR-2209c-3p"	6.17822002847712	0	0	5.98446652138303	11.5350749757263	5.19513781389244
"cel-miR-2210-3p"	150.042486405873	154.139129553071	175.954755360554	212.448561509098	173.913438095566	181.829823486236
"cel-miR-2210-5p"	7.06082288968814	0	9.98324853109529	7.97928869517738	7.09850767737005	9.3512480650064
"cel-miR-2211-3p"	5.2956171672661	3.90225644438155	6.23953033193455	2.99223326069152	9.76044805638382	0
"cel-miR-2212-5p"	1575.44610726167	1548.22024430838	1467.53753407101	1579.89916164512	1586.51646589221	1431.77998150876
"cel-miR-2215-3p"	7.06082288968814	5.85338466657233	6.23953033193455	7.97928869517738	7.09850767737005	4.15611025111396
"cel-miR-2216-3p"	31.7737030035966	23.4135386662893	33.6934637924466	22.940454998635	15.9716422740826	20.7805512555698
"cel-miR-2216-5p"	350.393335900774	246.817720107133	313.224422663115	239.378660855321	228.039559135513	233.78120162516
"cel-miR-2217a-3p"	83.8472718150467	90.7274623318711	83.609706447923	86.774764560054	80.7455248300843	77.9270672083867
"cel-miR-2217a-5p"	74.1386403417255	82.922949443108	83.609706447923	62.8368984745219	66.5485094753442	78.9660947711651
"cel-miR-2217b-3p"	161.516323601616	139.505667886641	146.005009767269	102.733341950409	125.111197813647	101.824701152292
"cel-miR-2218a-3p"	7.06082288968814	4.87782055547694	6.23953033193455	3.98964434758869	0	0
"cel-miR-2220-3p"	127.977414875598	96.5808469984434	109.815733842048	156.593540642856	130.435078571675	129.878445347311
"cel-miR-2221"	18.5346600854314	3.90225644438155	4.99162426554764	5.98446652138303	13.3097018950688	6.23416537667093
"cel-miR-228-3p"	3992.01274125743	3967.61923982494	3923.41667272045	3629.57894521881	4107.37400481824	3639.71355241305
"cel-miR-228-5p"	1822619.03854381	1583156.17069082	1831342.08541692	1818795.07553438	1762950.7615267	1645511.06825498
"cel-miR-229-3p"	63046.9701848866	62409.7628791053	64350.7721253738	53779.4083944086	51936.231421478	48019.6978413706
"cel-miR-229-5p"	407872.847237141	389437.38863639	403821.155176738	346212.359783964	361550.066158408	336634.540064603
"cel-miR-230-3p"	12897.4756108766	12221.867183803	13259.0019553609	12815.7350555418	12485.3876910342	11591.3914903568
"cel-miR-230-5p"	72880.9312644998	65101.3442616174	68451.3914595212	67934.6665396533	67019.6729224296	62083.9749311403
"cel-miR-231-3p"	1261.23948867054	1325.79162697863	1327.77205463567	1541.99754034303	1544.81273328766	1560.61939929329
"cel-miR-231-5p"	166.811940768882	182.430488774838	169.71522502862	195.492573031846	245.785828328938	208.844540118476
"cel-miR-232-3p"	4297.39333123644	4811.48219592245	4353.94426562393	5321.18814859641	5164.16433528671	5348.91389318366
"cel-miR-232-5p"	216.237700996699	249.744412440419	252.077025410156	279.275104331208	256.433589844993	250.405642629616
"cel-miR-233-3p"	7540.07624332572	7406.48273143619	7111.816672339	6809.325490247	7214.74574058698	7130.84616334877
"cel-miR-233-5p"	79.4342575089916	81.9473853320126	59.8994911865717	69.8187760828021	55.0134344996179	57.1465159528169
"cel-miR-234-3p"	1107.66659081983	1086.77841976026	1251.64978458607	1432.28232078434	1352.26571253899	1425.54581613209
"cel-miR-234-5p"	4.41301430605509	2.92669233328616	9.98324853109529	5.98446652138303	3.54925383868502	5.19513781389244
"cel-miR-235-3p"	406493.338965069	350558.232116906	361263.814594745	391244.472946285	428292.009967961	378704.766081504
"cel-miR-235-5p"	293.906752783269	329.740669550241	297.001643800085	290.246626287077	297.250008989871	238.976339439052
"cel-miR-236-3p"	233310.770743965	241614.06113855	237245.661811148	247381.887416584	256704.220450193	237078.036081856
"cel-miR-236-5p"	120.033989124698	120.969949775828	119.798982373143	156.593540642856	114.463436297592	126.761362658976
"cel-miR-237-3p"	2545.42665173257	2453.5437394049	2630.58598794361	2228.21636812828	1975.15976122822	2024.0256922925
"cel-miR-237-5p"	1373019.3758372	1293403.87405438	1355257.18574784	928977.714814071	892723.409834872	909352.766833482
"cel-miR-238-3p"	300074.381577411	313741.418128277	359012.592050983	307650.452342346	305442.574163015	299343.840836483
"cel-miR-238-5p"	1690.1844792191	1868.20527274767	1738.33315047697	1588.8758614272	1657.50154266591	1776.73713235122
"cel-miR-239a-3p"	1150.91413101917	1138.48331764832	1200.48563586421	1121.09006167242	1141.97242259691	1057.7300589085
"cel-miR-239a-5p"	7391.79896264227	6729.44123833599	5911.3310364748	7818.70551018693	8551.03981085189	7206.6951754316
"cel-miR-239b-5p"	6999.92329226458	5562.6665614659	4871.8252831745	7710.98511280204	7922.82188140464	6055.45263587303
"cel-miR-240-3p"	8086.40741441534	8704.95856330415	8687.92203418567	9069.45901315599	8338.97189399046	8886.80274444441
"cel-miR-240-5p"	74787.3534447156	69422.1177096589	67834.9258627261	69710.0582743303	66875.9281419629	69841.3547148445
"cel-miR-241-3p"	7808.38751313387	8057.18399353681	8115.13314971408	8177.77350146992	8159.73457513687	8196.8884427595
"cel-miR-241-5p"	28110.0185267097	27693.3384216648	26680.2316993522	26374.5413708219	28079.9217447566	29156.1524391272
"cel-miR-242"	17658.2354442488	18355.2387502597	18753.5323656625	19454.5032499293	19645.1199971216	19486.9619399106
"cel-miR-243-3p"	9861.3217683107	8866.90220574598	8756.55686783695	7741.90485649585	8078.98905030679	7265.91974650997
"cel-miR-243-5p"	6057.30343649121	5502.18158657799	5977.4700579933	6082.21280789896	6360.26287892356	5828.94462718732
"cel-miR-244-3p"	32.6563058648076	34.1447438883386	34.9413698588335	30.9197436938123	52.3514941206041	32.2098544461331
"cel-miR-244-5p"	153318.708226688	154666.909737174	151806.525069901	160079.492391562	159688.028710117	162009.333698673
"cel-miR-245-3p"	145897.783369626	152795.777772093	159905.435440752	165944.269582517	171810.505196145	168973.935451977
"cel-miR-245-5p"	13.2390429181653	15.6090257775262	12.4790606638691	4.98705543448586	3.54925383868502	3.11708268833547
"cel-miR-246-3p"	263222.181710407	260113.683377252	252095.744001152	225704.154853961	234081.276482414	229311.305050087
"cel-miR-246-5p"	1565.73747578834	1510.17324397566	1571.11373758112	1012.37225320063	1005.32614980753	928.890641123969
"cel-miR-247-3p"	1375.97786062798	1693.57929686159	1579.84908004583	2033.72120618333	1940.55453630104	1940.90348727022
"cel-miR-247-5p"	52.07356881145	79.0206929987264	47.4204305227026	97.7462865159229	95.8298536444956	83.1222050222791
"cel-miR-248"	27746.3861478908	30996.5985018338	28403.5899770325	31076.3372344552	33364.7607105586	33824.5032786909
"cel-miR-249-3p"	9038.73590166203	8396.68030419801	8852.64563494875	6917.04588763189	6840.29946060571	7031.09951732203
"cel-miR-249-5p"	15.0042486405873	13.6578975553354	7.48743639832147	7.97928869517738	7.09850767737005	8.31222050222791
"cel-miR-250-3p"	56763.7204159254	60009.8751658106	60924.0220670754	69594.3585882502	72003.7126254031	67922.2708063926
"cel-miR-250-5p"	2869.34190179702	3737.38610960643	2876.42348302183	2991.23584960462	3252.89114315482	3242.80502343166
"cel-miR-251"	383.049641765582	398.030157326918	385.602974513555	465.79097758098	415.262699126148	449.898934683086
"cel-miR-252-5p"	3814.60956615402	3848.60041827131	4182.98113452893	3690.42102151954	3818.10981696541	3575.29384352078
"cel-miR-253-3p"	3575.42419076583	3305.21120839118	3480.41001915309	2840.62677548315	2973.38740335838	2739.91568304688
"cel-miR-253-5p"	32.6563058648076	32.1936156661478	31.1976516596728	30.9197436938123	28.3940307094802	42.600130073918
"cel-miR-254-5p"	12.3564400569542	8.78007699985849	16.2227788630298	12.9663441296632	9.76044805638382	14.5463858788988
"cel-miR-255-3p"	345.980321594719	365.836541660771	358.149041053043	426.89194519199	439.220162537272	389.635336041933
"cel-miR-255-5p"	67.0778174520373	44.8759491103879	44.9246183899288	47.8757321710643	59.4500017979742	52.9904057017029
"cel-miR-259-3p"	1179.15742257792	1050.68254764973	1065.71178069442	1097.15219558689	1088.73361501663	1145.00837418189
"cel-miR-259-5p"	1387.45169782372	1661.38568119545	1415.12547928276	1613.81113859963	1566.99556977944	1718.55158883562
"cel-miR-269"	2.64780858363305	0	9.98324853109529	0	4.43656729835628	6.23416537667093
"cel-miR-2953-3p"	88.2602861211017	69.2650518877726	96.0887671117921	60.8420763007275	53.2388075802754	62.3416537667093
"cel-miR-2953-5p"	111.207960512588	119.994385664733	124.790606638691	95.7514643421286	99.3791074831807	99.7466460267349
"cel-miR-34-3p"	16030.7157681757	17536.7404610507	18362.9377668834	17712.02608112	19459.6714840503	18443.778266881
"cel-miR-34-5p"	9553.29336974805	10118.5509602814	10499.8816425795	11109.1646858607	11043.5033190685	11093.6972877859
"cel-miR-35-3p"	31039.3774230691	35113.4790506563	38940.9088016036	35089.9194481294	35246.7525585213	35925.417010629
"cel-miR-35-5p"	22.0650715302754	42.9248208881971	24.9581213277382	23.9378660855321	23.0701499514527	28.0537441950192
"cel-miR-355-5p"	2604.56104343371	2630.12084351317	2553.21581182762	2767.81576613965	2750.67172498089	2652.63736777348
"cel-miR-356b-3p"	1610.75022171011	1777.4778104158	1809.46379626102	1602.83961664376	1643.30452731117	1729.98089202618
"cel-miR-356b-5p"	59.1343917011382	70.240615998868	57.4036790537979	94.7540532552314	53.2388075802754	46.756240325032
"cel-miR-357-3p"	5720.1491435086	5773.38840946251	6007.41980358659	5617.41924140488	6279.51735409348	5749.97853241616
"cel-miR-357-5p"	91.7906975659458	92.6785905540619	112.311545974822	86.774764560054	95.8298536444956	72.7319293944942
"cel-miR-358-3p"	3103.23166001794	3449.59469683329	3260.778551469	3062.05203677432	3152.62472221197	3189.81461772996
"cel-miR-358-5p"	704.317083246392	733.624211543732	776.197573292659	767.009125823926	710.738081196676	771.997479144417
"cel-miR-359"	1065.3016534817	1091.65624031574	1032.01831690198	940.558654944034	1002.66420942852	1027.59825958793
"cel-miR-36-3p"	8395.3184158392	10180.0114992804	8667.95553712348	10199.5257746105	10099.4017979782	10713.413199809
"cel-miR-36-5p"	132.390429181653	152.188001330881	116.055264173983	137.64272999181	139.308213168387	131.956500472868
"cel-miR-360-3p"	6.17822002847712	10.7312052220493	8.73534246470838	9.97411086897172	8.87313459671256	8.31222050222791
"cel-miR-360-5p"	81.1994632314136	45.8515132214832	42.428806257155	169.559884772519	168.589557337539	78.9660947711651
"cel-miR-37-3p"	22966.2090515719	22952.0968417412	25993.8833628394	23975.7677068342	23203.2469704033	22640.4105929433
"cel-miR-37-5p"	235.654963943342	279.011335773281	274.53933460512	250.35018281119	278.616426336774	255.600780443508
"cel-miR-38-3p"	1787.27079395231	2247.69971196377	2087.7468490653	2250.15941204002	2198.76275306537	2324.30465793548
"cel-miR-39-3p"	18186.9145581142	20720.981719666	19315.0900955366	19282.948542983	20441.0401704467	20964.4591341816
"cel-miR-39-5p"	567.513639758684	518.024542991651	500.410332621151	549.573508880342	503.994045093273	500.811285259232
"cel-miR-392-3p"	707.847494691236	655.579082656101	738.760391301051	683.226594524563	786.159725268733	752.255955451626
"cel-miR-392-5p"	30.8911001423856	22.4379745551939	27.453933460512	31.9171547807095	21.2955230321101	30.1317993205762
"cel-miR-40-3p"	13169.3172921296	12632.5796745742	15935.7604677609	14443.509949358	14685.0377575593	14459.1075636254
"cel-miR-40-5p"	2.64780858363305	13.6578975553354	6.23953033193455	10.9715219558689	5.32388075802754	5.19513781389244
"cel-miR-41-3p"	25.5954829751195	15.6090257775262	16.2227788630298	53.8601986924473	60.3373152576454	38.4440198228041
"cel-miR-41-5p"	22.0650715302754	20.4868463330032	11.2311545974822	20.9456328248406	16.8589557337539	27.0147166322407
"cel-miR-42-3p"	1888.77012299158	1589.19393697439	1894.32140877533	1729.5108246797	1915.70975943024	2201.69940552762
"cel-miR-42-5p"	587.813505566538	582.411774323947	660.142309118676	641.335328874882	565.21867381059	640.040978671549
"cel-miR-43-3p"	709.612700413658	871.178751208182	744.999921632986	1050.27387450272	1013.31197094457	1057.7300589085
"cel-miR-43-5p"	303.61538425659	276.084643439995	245.837495078221	250.35018281119	267.968664820719	243.132449690166
"cel-miR-44-3p"	1327470.88997868	1369572.99315637	1470426.43661469	1423619.80549464	1520776.29897862	1394728.25862008
"cel-miR-44-5p"	2390.97115102065	2133.55871096561	2379.75686859984	2252.15423421382	2325.64857779836	2207.93357090429
"cel-miR-45-3p"	1327470.88997868	1369572.99315637	1470426.43661469	1423619.80549464	1520776.29897862	1394728.25862008
"cel-miR-45-5p"	3688.39735700084	3162.77884817125	3509.11185867999	3406.15886175384	3567.88742133812	3112.92657808435
"cel-miR-46-3p"	140875.773089335	156574.137574365	165049.304246399	166773.118195729	164685.378114985	165049.528347363
"cel-miR-46-5p"	54345.3885762072	52898.9883600363	61040.0773312494	58751.502662591	55797.8195979673	56302.8255718408
"cel-miR-47-3p"	72494.3512112893	80038.2063665989	83081.8421818414	83634.9144585017	79382.6113560292	81160.5209837533
"cel-miR-47-5p"	4742.2251732868	4803.67768303369	5095.20046905776	5408.96032424337	5226.2762774637	4973.82494302063
"cel-miR-48-3p"	6954.91054634282	6697.24762266984	6922.13495024819	6720.55590351315	6644.20318601837	6576.00544482506
"cel-miR-48-5p"	538007.343505539	553191.678068418	541311.701853049	602842.242798259	617748.517936588	623981.768661245
"cel-miR-4805-3p"	59.1343917011382	48.7782055547694	52.4120547882503	57.849843040036	55.9007479592891	60.2635986411523
"cel-miR-4806-3p"	53.8387745338721	29.2669233328616	44.9246183899288	63.834309561419	55.0134344996179	55.0684608272599
"cel-miR-4806-5p"	109.442754790166	96.5808469984434	108.567827775661	105.7255752111	110.914182458907	120.527197282305
"cel-miR-4807"	41.4823344769178	39.0225644438155	39.9329941243811	49.8705543448586	45.2529864432341	31.1708268833547
"cel-miR-4808-3p"	8.82602861211017	10.7312052220493	6.23953033193455	13.9637552165604	7.09850767737005	15.5854134416773
"cel-miR-4809-3p"	40.5997316157068	31.2180515550524	32.4455577260597	37.9016213020926	53.2388075802754	41.5611025111396
"cel-miR-4810a"	43.2475401993399	39.0225644438155	34.9413698588335	43.8860878234756	31.055971088494	64.4197088922663
"cel-miR-4810b-3p"	7.06082288968814	4.87782055547694	0	12.9663441296632	4.43656729835628	4.15611025111396
"cel-miR-4811-3p"	58.2517888399272	40.9736926660063	53.6599608546372	52.8627876055501	39.0417922255353	63.3806813294878
"cel-miR-4812-3p"	13.2390429181653	10.7312052220493	12.4790606638691	5.98446652138303	5.32388075802754	11.4293031905634
"cel-miR-4812-5p"	333.623881537765	357.056464660912	368.132289584139	325.156014328478	366.460458844229	299.239938080205
"cel-miR-4813-3p"	1763.44051669961	1781.38006686018	1801.9763598627	1831.24675554321	1855.3724441726	1852.58614443405
"cel-miR-4813-5p"	345.097718733508	339.496310661195	319.463952995049	288.251804113283	265.306724441706	302.35702076854
"cel-miR-4814-3p"	33.5389087260187	16.5845898886216	21.2144031285775	25.9326882593265	15.0843288144114	20.7805512555698
"cel-miR-4814-5p"	53.8387745338721	67.3139236655818	52.4120547882503	73.8084204303908	55.9007479592891	43.6391576366965
"cel-miR-4815"	2.64780858363305	7.80451288876311	4.99162426554764	0	0	9.3512480650064
"cel-miR-4816-3p"	1839.34436276376	1748.21088708294	1770.77870820303	1536.01307382165	1654.83960228689	1520.09732434493
"cel-miR-4816-5p"	536.622539616299	473.148593881263	521.624735749729	552.565742141034	525.289568125384	482.108789129219
"cel-miR-49-3p"	2878.16793040913	2463.29938051586	2685.49385486463	2773.80023266104	2805.68515948051	3378.91763415565
"cel-miR-49-5p"	2215.33318163965	2161.85007018738	2309.87412888217	2295.04291095039	2335.40902585475	2271.31425223378
"cel-miR-4920"	29.1258944199636	28.2913592217663	46.1725244563157	25.9326882593265	31.9432845481652	34.2879095716901
"cel-miR-4922"	9.70863147332119	23.4135386662893	13.726966730256	27.9275104331208	16.8589557337539	9.3512480650064
"cel-miR-4923a"	9.70863147332119	3.90225644438155	0	0	3.54925383868502	4.15611025111396
"cel-miR-4923b"	3.53041144484407	7.80451288876311	4.99162426554764	7.97928869517738	13.3097018950688	3.11708268833547
"cel-miR-4924"	6.17822002847712	6.82894877766772	6.23953033193455	5.98446652138303	0	7.27319293944942
"cel-miR-4925"	12.3564400569542	8.78007699985849	9.98324853109529	10.9715219558689	9.76044805638382	14.5463858788988
"cel-miR-4929"	117.386180541065	112.18987277597	83.609706447923	61.8394873876247	62.1119421769879	74.8099845200512
"cel-miR-4936"	43.2475401993399	43.9003849992925	43.6767123235419	42.8886767365784	37.2671653061928	42.600130073918
"cel-miR-4937"	31.7737030035966	30.242487443957	48.6683365890895	29.9223326069152	29.2813441691514	21.8195788183483
"cel-miR-50-3p"	341.567307288664	352.178644105435	326.951389393371	302.215559329843	289.264187852829	343.91812327968
"cel-miR-50-5p"	56663.9862926085	51767.3339911657	50999.4251211003	56515.3070057676	55686.0181020487	53328.0896596059
"cel-miR-51-3p"	546.33117108962	536.560261102464	451.741996032062	468.783210841671	477.374641303136	521.591836514801
"cel-miR-51-5p"	38454.1240601028	40853.6982803416	39608.5385471206	41606.0060788287	37979.6780143088	45013.7911022525
"cel-miR-52-3p"	13164.0216749623	14023.7340969962	13889.1945188863	12194.3479484048	12423.2757488573	12196.1055318939
"cel-miR-52-5p"	258326.383639269	234559.75705122	237954.472456855	264017.706934942	256776.980153886	288843.428287043
"cel-miR-53-3p"	289.493738477214	246.817720107133	223.375185883257	244.365716289807	255.546276385322	330.410764963559
"cel-miR-53-5p"	16818.8801232371	15719.26452208	15228.1977281195	17509.5516304799	16822.5758819073	18855.2331817412
"cel-miR-54-3p"	126570.545914827	137966.227719332	136458.528359409	149055.107648087	137178.660865176	150383.654298745
"cel-miR-54-5p"	35623.6166841991	36541.7049093	35268.3212482269	29972.20316126	30185.5165845565	30239.8581871051
"cel-miR-55-3p"	85986.7011506222	89055.3454454536	89714.4629246878	89396.9583075067	84789.8995792659	90089.9238582716
"cel-miR-55-5p"	984.984793111495	1159.94572809242	1135.59452041209	1045.28681906824	1051.46644971044	1020.32506664848
"cel-miR-5545-5p"	6.17822002847712	7.80451288876311	9.98324853109529	3.98964434758869	10.6477615160551	6.23416537667093
"cel-miR-5546-3p"	22.9476743914865	13.6578975553354	12.4790606638691	26.9300993462237	9.76044805638382	19.7415236927913
"cel-miR-5547-3p"	122.681797708331	135.603411442259	128.534324837852	126.671208035941	126.88582473299	164.166354919001
"cel-miR-5547-5p"	160.633720740405	155.114693664167	119.798982373143	167.565062598725	205.856722643731	165.20538248178
"cel-miR-5549-3p"	17.6520572242203	0	6.23953033193455	4.98705543448586	4.43656729835628	7.27319293944942
"cel-miR-5550-3p"	30.0084972811746	30.242487443957	31.1976516596728	46.8783210841671	36.3798518465215	50.9123505761459
"cel-miR-5551-5p"	430.710196270976	455.588439881546	428.03178077071	418.912656496812	432.121654859902	433.27449367863
"cel-miR-5552-3p"	17.6520572242203	10.7312052220493	7.48743639832147	12.9663441296632	16.8589557337539	23.8976339439052
"cel-miR-5552-5p"	25.5954829751195	37.0714362216248	27.453933460512	32.9145658676067	33.7179114675077	37.4049922600256
"cel-miR-5553-3p"	6.17822002847712	0	8.73534246470838	14.9611663034576	18.6335826530964	14.5463858788988
"cel-miR-5553-5p"	16.7694543630093	14.6334616664308	11.2311545974822	16.9559884772519	30.1686576288227	29.0927717577977
"cel-miR-5592-3p"	33876.9456218625	31705.8336106001	29967.2162782153	33014.3069762964	33664.6726599275	28181.544585241
"cel-miR-5592-5p"	11357.3336180634	10579.0172207184	10944.1362022132	9525.275879868	10153.5279190182	8568.8603102342
"cel-miR-5593-5p"	4.41301430605509	8.78007699985849	6.23953033193455	7.97928869517738	14.1970153547401	13.5073583161204
"cel-miR-5594-3p"	3.53041144484407	5.85338466657233	6.23953033193455	7.97928869517738	8.87313459671256	13.5073583161204
"cel-miR-5594-5p"	7.94342575089916	16.5845898886216	21.2144031285775	11.9689330427661	17.7462691934251	31.1708268833547
"cel-miR-5595-5p"	8.82602861211017	6.82894877766772	6.23953033193455	4.98705543448586	5.32388075802754	7.27319293944942
"cel-miR-56-3p"	24995.313029496	23657.4296940632	24047.1498992758	23722.4252907623	24565.2731309987	28124.3980692881
"cel-miR-56-5p"	7546.2544633542	7633.78916932141	8034.01925539893	6144.05229528658	6765.76512999333	6988.49938724812
"cel-miR-57-3p"	113.855769096221	168.772591219502	215.887749484936	142.629785426296	149.068661224771	116.371087031191
"cel-miR-57-5p"	1687710.54339912	1537265.63490489	1576864.08873503	1619879.38765231	1736293.20325779	1630864.93573006
"cel-miR-58a-3p"	1032918.95450387	1146914.1426964	1024733.04128641	1080964.21364655	1079840.95952381	1181170.68947684
"cel-miR-58a-5p"	7431.51609139677	7806.4640169853	6749.9239130868	7673.08349149995	7293.71663849772	7400.99332967118
"cel-miR-58b-3p"	22.9476743914865	24.3891027773847	13.726966730256	15.9585773903548	19.5208961127676	29.0927717577977
"cel-miR-59-3p"	63910.155783151	60592.2869401346	57433.6287993912	70944.853199909	73226.4305728301	70748.4257771501
"cel-miR-59-5p"	129.74262059802	146.334616664308	122.294794505917	130.66085238353	147.294034305428	120.527197282305
"cel-miR-60-3p"	63383.241875008	67582.203796133	61594.1476247251	87477.9393763165	80251.2912330474	78546.3276358026
"cel-miR-60-5p"	1950.55232327635	2099.41396707728	2223.76861030148	1802.32183402319	1897.07617677715	1962.72306608857
"cel-miR-61-3p"	304794.541679168	284136.949612976	301097.271509967	328832.471594781	354859.722672487	328427.261346215
"cel-miR-61-5p"	2338.01497934798	2980.34835939641	2729.17056718817	2479.56396202637	2429.4642525799	3043.31173137819
"cel-miR-62"	2860.51587318491	2916.93669217521	2715.44360045792	3584.69544630844	3599.83070588629	3561.78648520466
"cel-miR-63-3p"	20841.783964637	21290.7111605458	19595.8689604737	19677.9233333943	20821.6976446457	21043.4252289527
"cel-miR-63-5p"	3073.22316273676	3226.19051539245	2933.82716207563	3259.53943197996	3347.83368333965	3325.92722845394
"cel-miR-64-3p"	1914.3656059667	2264.2843018524	2268.6932286914	1745.46940207005	1856.25975763227	1782.97129772789
"cel-miR-64-5p"	544504.183166913	522517.015723245	566759.002358811	463499.924314377	452568.018911106	456971.595302919
"cel-miR-65-3p"	676.073791687639	838.985135542034	722.537612438021	775.985825606	675.245542809826	787.582892586095
"cel-miR-65-5p"	570119.083404979	528456.250031594	556554.874453965	447224.170198389	450416.283771404	428298.590680484
"cel-miR-66-3p"	1207.40071413667	1244.81980575772	1264.12884524994	1122.08747275932	1146.40898989526	1117.99365754965
"cel-miR-66-5p"	200470.883484026	251119.957837064	205245.606550788	232751.861593977	234106.121259285	232246.557914936
"cel-miR-67-3p"	2542.77884314894	2671.09453617917	2536.99303296459	3135.86045720471	2984.92247833411	3211.63419654831
"cel-miR-67-5p"	454.540473523674	490.70874788098	446.750371766514	379.016213020926	416.150012585819	376.127977725813
"cel-miR-70-3p"	681282.031171646	653481.619817246	606851.728459689	545780.354516872	538042.037167779	530060.950179009
"cel-miR-70-5p"	1005.28465891935	1168.72580509228	1005.81228950785	795.934047343944	791.48360602676	827.065939971677
"cel-miR-71-3p"	24649.3327079013	23820.3489006161	23555.4749091193	22394.8711341022	23035.5447265255	21903.7400509333
"cel-miR-71-5p"	88235.5732409878	101453.789733365	90141.2467993921	98606.0548728283	98209.628343334	107202.707817233
"cel-miR-72-3p"	760.803666363897	796.060314653837	769.958042960724	788.952169735663	776.399277212349	813.558581655557
"cel-miR-72-5p"	1819728.51417335	1889654.02529421	1973125.4289616	1821159.93722142	1865081.42804832	1938811.92478634
"cel-miR-73-3p"	152933.8933792	168062.380546625	161400.426908284	135665.86121758	136855.678765856	149986.745769763
"cel-miR-73-5p"	60.0169945623492	96.5808469984434	123.542700572304	91.7618199945399	66.5485094753442	87.2783152733931
"cel-miR-74-3p"	4028.19945856708	4870.99160669927	4113.09839481126	4159.20423236121	3771.08220360284	4729.65346576768
"cel-miR-74-5p"	3428.9121158048	3404.7187477229	3509.11185867999	2976.27468330116	3199.65233557455	3086.95088901489
"cel-miR-75-3p"	3464.21623025324	4345.16255081886	3857.27765120194	4162.1964656219	3778.18071128021	4474.05268532417
"cel-miR-75-5p"	421.001564797655	350.227515883244	391.84250484549	308.200025851226	342.502995433105	285.732579764084
"cel-miR-76-3p"	9247.03017690783	9887.34226595176	10821.8414077073	10320.212516125	10113.598813333	9828.16171632173
"cel-miR-77-3p"	65561.5057364768	73300.9606153742	71330.3107546758	77714.2822466801	76736.6426192896	77094.8061306011
"cel-miR-77-5p"	14403.1960921026	13723.2603507788	13899.1777674174	11309.644314327	11680.5943831124	11238.1221190121
"cel-miR-78"	230.359346776076	219.501924996462	237.102152613513	267.306171288442	251.109709086965	297.161882954648
"cel-miR-784-3p"	372.458407431049	384.372259771583	423.040156505163	279.275104331208	339.841055054091	283.654524638527
"cel-miR-784-5p"	45.0127459217619	32.1936156661478	54.9078669210241	28.924921520018	25.7320903304664	40.5220749483611
"cel-miR-785-3p"	15278.7381304239	13580.8279905589	14498.1726792831	14808.5624071623	14500.4765579477	13253.8355908024
"cel-miR-786-3p"	2269.17195617353	2280.86889174102	2218.77698603593	2110.52185987442	2178.35454349293	2232.87023241097
"cel-miR-786-5p"	281.550312726315	275.109079328899	248.333307210995	251.347593898087	260.870157143349	277.420359261857
"cel-miR-787-3p"	2170.32043571789	2447.69035473833	2447.14379618473	3186.72842263647	2560.78664461124	2835.5062188225
"cel-miR-788-3p"	1302.72182314746	1581.38942408562	1370.20086089283	1300.62405731391	1342.50526448261	1433.85803663431
"cel-miR-788-5p"	41056.9198978141	39023.5400079266	38660.1299366665	41204.0494108091	38693.0780358845	38798.3282217115
"cel-miR-789-2-5p"	3839.32244626793	2727.67725462271	3091.06332644038	4777.59910623746	4852.7173109421	2779.39873043246
"cel-miR-789-3p"	38.8345258932848	41.9492567771017	36.1892759252204	41.8912656496812	28.3940307094802	24.9366615066837
"cel-miR-789-5p"	4571.88282107307	4121.75836937802	4309.019647234	3458.0242382725	3608.703840483	3137.86323959104
"cel-miR-79-3p"	23644.9306518432	24692.5032159354	23300.9020715764	28627.6930161226	28000.0635333862	27952.9585214297
"cel-miR-79-5p"	1464.23814674908	1576.51160353015	1499.98309179707	1425.30044317606	1432.12392390941	1394.37498924873
"cel-miR-790-3p"	1257.7090772257	1249.69762631319	1355.22598809619	1212.85188166696	1244.0134704591	1150.20351199579
"cel-miR-790-5p"	405.114713295857	439.97941410402	434.271311102645	483.744377145129	520.853000827027	467.56240325032
"cel-miR-791-3p"	171.224955074937	172.674847663884	192.177534223584	179.533995641491	188.997766909978	198.454264490691
"cel-miR-791-5p"	872.894229737696	804.840391653695	913.467240595219	875.726934295717	976.932119098053	959.022440444545
"cel-miR-792-3p"	235.654963943342	248.768848329324	217.135655551322	387.992912803	310.55971088494	341.840068154123
"cel-miR-793"	27128.564145043	22730.6437885225	24480.173304312	25354.1898289261	26251.1687043741	24618.7190724735
"cel-miR-794-3p"	88.2602861211017	86.8252058874895	63.6432093857325	67.8239539090077	53.2388075802754	57.1465159528169
"cel-miR-794-5p"	7158.79180728256	6781.14613622404	6791.10481327757	3990.64175867559	4146.41579704378	4195.59329849954
"cel-miR-795-3p"	1029.11493617205	779.475724765215	839.840782678391	1160.98650514831	1328.30824912787	1172.02309081414
"cel-miR-795-5p"	8240.86291512727	8169.37386631278	8477.02590896628	10028.9684787511	9918.3898522053	9828.16171632173
"cel-miR-796"	7.94342575089916	4.87782055547694	0	4.98705543448586	6.21119421769879	4.15611025111396
"cel-miR-797-3p"	901.137521296449	773.622340098643	740.008297367438	1119.09523949863	1152.62018411296	998.505487830128
"cel-miR-797-5p"	585.165696982905	574.607261435184	596.499099732943	770.001359084617	716.061961954704	701.34360487548
"cel-miR-798"	145.629472099818	115.116565109256	112.311545974822	251.347593898087	215.617170700115	202.610374741805
"cel-miR-799"	444.831842050353	393.152336771441	454.237808164836	183.52363998908	194.321647668005	202.610374741805
"cel-miR-80-3p"	1295165.86005263	1405570.33329168	1437471.73321355	1224272.23861193	1223641.64073851	1282058.1877675
"cel-miR-80-5p"	60998.4489440158	57387.5588351862	59258.0674684488	50616.6178378577	49782.7216548558	52838.7076775373
"cel-miR-800-3p"	615.174194264079	666.31028787815	662.63812125145	553.563153227931	552.796285375192	583.933490281511
"cel-miR-800-5p"	235.654963943342	276.084643439995	265.803992140412	231.399372160144	243.123887949924	252.483697755173
"cel-miR-81-3p"	639039.775631225	562097.602838608	577451.061535614	487257.25899318	523062.411341609	511538.205817357
"cel-miR-81-5p"	1631.05008751796	1277.98898553496	1320.28461823735	1278.68101340218	1222.71794742699	1003.70062564402
"cel-miR-8186-3p"	3.53041144484407	20.4868463330032	4.99162426554764	10.9715219558689	19.5208961127676	9.3512480650064
"cel-miR-8186-5p"	17.6520572242203	11.7067693331447	24.9581213277382	21.9430439117378	16.8589557337539	11.4293031905634
"cel-miR-8188-5p"	13.2390429181653	24.3891027773847	24.9581213277382	22.940454998635	23.9574634111239	28.0537441950192
"cel-miR-8189-3p"	56.4865831175051	59.5094107768187	62.3953033193455	73.8084204303908	80.7455248300843	47.7952678878105
"cel-miR-8189-5p"	5.2956171672661	2.92669233328616	3.74371819916073	6.98187760828021	4.43656729835628	6.23416537667093
"cel-miR-8190-3p"	19.4172629466424	30.242487443957	16.2227788630298	25.9326882593265	23.0701499514527	23.8976339439052
"cel-miR-8191-5p"	21.1824686690644	36.0958721105294	49.9162426554764	69.8187760828021	62.9992556366592	41.5611025111396
"cel-miR-8192-3p"	64.4300088684043	69.2650518877726	58.6515851201848	50.8679654317558	39.9291056852065	66.4977640178233
"cel-miR-8192-5p"	8.82602861211017	13.6578975553354	21.2144031285775	18.9508106510463	12.4223884353976	15.5854134416773
"cel-miR-8193-5p"	323.032647203232	322.911720772573	294.505831667311	271.295815636031	252.884336006308	299.239938080205
"cel-miR-8195-3p"	0	7.80451288876311	7.48743639832147	3.98964434758869	3.54925383868502	5.19513781389244
"cel-miR-8196a-3p"	1199.45728838577	1109.21639431546	1101.90105661964	949.535354726108	961.847790283642	1022.40312177403
"cel-miR-8196b-3p"	95.3211090107899	97.5564111095388	103.576203510114	68.8213649959049	97.6044805638382	90.3953979617285
"cel-miR-8198-3p"	9.70863147332119	16.5845898886216	8.73534246470838	28.924921520018	29.2813441691514	17.6634685672343
"cel-miR-82-3p"	2967111.35114481	2697526.47020519	2731900.98566143	1926384.8120669	1913180.91607018	2019007.18916428
"cel-miR-82-5p"	987.632601695129	991.173136872914	1063.21596856165	745.066081912188	776.399277212349	709.655825377708
"cel-miR-8201-3p"	22.0650715302754	22.4379745551939	24.9581213277382	12.9663441296632	27.5067172498089	15.5854134416773
"cel-miR-8201-5p"	74.1386403417255	78.0451288876311	58.6515851201848	63.834309561419	72.759703693043	94.5515082128425
"cel-miR-8202-5p"	17.6520572242203	10.7312052220493	7.48743639832147	21.9430439117378	21.2955230321101	12.4683307533419
"cel-miR-8206-3p"	191.524820882791	183.406052885933	178.450567493328	180.531406728388	217.391797619458	216.117733057926
"cel-miR-8206-5p"	22.9476743914865	12.68233344424	9.98324853109529	8.97669978207455	19.5208961127676	6.23416537667093
"cel-miR-8207-3p"	24.7128801139085	30.242487443957	31.1976516596728	17.9533995641491	19.5208961127676	9.3512480650064
"cel-miR-8208-3p"	37.0693201708627	60.4849748879141	32.4455577260597	76.8006536910823	63.8865690963304	72.7319293944942
"cel-miR-8208-5p"	7.94342575089916	10.7312052220493	4.99162426554764	10.9715219558689	8.87313459671256	6.23416537667093
"cel-miR-8209-3p"	4.41301430605509	0	6.23953033193455	2.99223326069152	3.54925383868502	6.23416537667093
"cel-miR-8210-3p"	7.06082288968814	22.4379745551939	4.99162426554764	3.98964434758869	6.21119421769879	12.4683307533419
"cel-miR-8210-5p"	97.0863147332119	89.7518982207757	73.6264579168277	70.8161871696992	86.0694055881118	67.5367915806018
"cel-miR-8211-3p"	13.2390429181653	13.6578975553354	9.98324853109529	14.9611663034576	10.6477615160551	14.5463858788988
"cel-miR-8211-5p"	7.94342575089916	20.4868463330032	21.2144031285775	18.9508106510463	17.7462691934251	15.5854134416773
"cel-miR-8212-3p"	60.0169945623492	66.3383595544864	106.072015642887	56.8524319531388	79.858211370413	76.8880396456082
"cel-miR-83-3p"	7784.55723588117	6569.44872411634	7264.06121243821	7296.06210065282	7795.93605667166	8025.44889490105
"cel-miR-83-5p"	270.076475530571	189.259437552505	212.144031285775	288.251804113283	300.799262828556	256.639808006287
"cel-miR-84-3p"	5858.71779271873	5404.62517546845	5233.7180424267	5178.55836317012	5511.99121147784	5189.94267607855
"cel-miR-84-5p"	175272.571796451	159812.034859091	162584.689765285	150234.0475528	161938.255643843	149115.001644592
"cel-miR-85-3p"	89166.7192595654	90893.3082307573	79179.6399122495	89344.0955199011	91346.2587327768	94818.5382964765
"cel-miR-85-5p"	475.722942192738	509.244465991793	492.92289622283	372.034335412645	454.304491351683	422.884218050845
"cel-miR-86-3p"	11022.8271336644	10975.0962498231	11664.1780025185	10336.1710935154	10443.6794203307	10314.4266157021
"cel-miR-86-5p"	67277.285698671	70252.3227682011	72087.7897369727	79322.1089187583	77063.1739724486	75437.5571679694
"cel-miR-87-3p"	16505.5561075072	14447.1289212116	16466.1205459753	15761.0899951491	16243.160192742	14718.8644543201
"cel-miR-87-5p"	1686.65406777425	1757.96652819389	1779.51405066773	1499.10886360645	1611.361242763	1571.00967492107
"cel-miR-90-3p"	1344680.76316943	1336270.16109591	1384752.69353297	1317096.30141402	1364851.36665097	1342872.47101693
"cel-miR-90-5p"	697.256260356704	689.723826544439	667.629745516997	721.128215826656	765.751515696294	767.841368893303
"cel-miR-1821-5p"	0	4.87782055547694	3.74371819916073	5.98446652138303	4.43656729835628	5.19513781389244
