"N2_3_Day0"	"N2_3_Day5"	"mir71_3_Day0"	"mir71_3_Day5"	"N2_1_Day0"	"N2_1_Day5"	"mir71_1_Day0"	"mir71_1_Day5"	"N2_2_Day0"	"N2_2_Day5"	"mir71_2_Day0"	"mir71_2_Day5"
"cel-let-7-5p"	10907.4612493359	4695.71485306018	10933.3522053975	3700.50953561843	16170.6961608372	3940.26099896978	15818.4642527746	9478.70419199277	13278.6947037197	4025.44551009057	9257.50734672817	3608.2836955565
"cel-lin-4-5p"	4112.44003504589	3156.70317225607	4356.90767140612	4702.58175029267	5025.5914130781	2210.27078424797	8127.19952975602	8240.20614296092	5354.31238053214	2556.68667458938	4457.57607209416	4936.3938739843
"cel-lsy-6"	11.1707723109512	6.05229312675773	35.8159721537253	29.5253420395088	14.8832914503794	0	49.7435982791655	54.2768069296827	15.6167444432187	5.06274589027601	12.525190336824	25.9700856164999
"cel-miR-1018"	3.19164923170034	30.2614656337887	10.534109456978	36.6830007157533	13.6430171628478	55.1342490527488	18.0885811924238	77.7145190129548	2.23096349188839	14.0631830285445	6.95843907601336	16.6208547945599
"cel-miR-1020-3p"	98.9411261827107	60.5229312675773	189.613970225605	82.3130747768124	125.267703040693	33.0805494316493	310.219167450069	146.794091468915	111.54817459442	34.3141665896485	91.8513958033763	60.2505986302798
"cel-miR-1022-5p"	312.781624706634	143.52580843454	353.946077754462	343.567616459739	329.91296048341	193.582474451874	466.685394764535	722.868383199865	394.880538064245	134.444029752885	335.396763463844	285.670941781499
"cel-miR-124-3p"	12.7665969268014	13.8338128611605	15.8011641854671	32.2094640431005	14.8832914503794	6.12602767252765	22.6107264905298	44.4082965788313	7.80837222160937	7.8753824959849	5.56675126081069	28.5670941781499
"cel-miR-1-3p"	80997.6742020913	56507.6670846255	192488.728696414	108394.688285713	111838.013055301	41176.7076036618	370871.989046385	264513.084316633	120775.43959687	38123.0390810995	49844.6907892989	59108.9536665784
"cel-miR-1-5p"	177.136532359369	109.805889585462	160.118463746066	95.7336847947709	198.443886005058	200.933707658907	222.489548666813	289.88749155626	214.172495221286	83.2540435289833	157.260723117902	104.39974417833
"cel-miR-1817"	132.453443115564	37.1783720643689	184.346915497116	38.4724153848145	137.670445916009	29.4049328281327	208.018683712874	64.1453172805341	136.088773005192	18.0008742765369	109.943337401011	39.9939318494098
"cel-miR-1819-3p"	98.9411261827107	20.7507192917408	101.127450786989	28.6306347049782	65.7345372391756	30.6301383626382	115.766919631512	62.9117534866777	104.855284118754	21.3760382033876	80.717893281755	26.4894873288299
"cel-miR-1820-5p"	869.724415638344	675.262990285398	1712.84619770463	960.915677285831	972.375041424786	296.499739350338	1377.44545780307	1988.50483569656	791.992039620379	385.89374230326	725.069351720592	598.350772604158
"cel-miR-1821"	63.8329846340069	28.5322390261436	167.492340365951	151.205539535666	78.1372801144917	44.107399242199	208.018683712874	278.785417411552	78.0837222160937	21.9385655245294	79.3262054665523	107.51615445231
"cel-miR-1822-3p"	81.3870554083588	146.984261649831	202.254901573978	229.939784974356	120.306605890567	83.313976346376	201.687680295526	418.178126117328	85.892094437703	69.1908605004388	87.6763323577683	212.435300342969
"cel-miR-1829a-3p"	65.4288092498571	126.23354235809	96.9138070041979	209.361516280153	145.112091641199	55.1342490527488	125.715639287346	430.513764055892	61.3514960269307	108.005245659222	54.2758247929042	221.265129452579
"cel-miR-1829a-5p"	263.311061615278	319.042309110515	380.281351396907	581.55976744487	295.185280432524	263.419189918689	476.634114420368	980.683216115858	268.831100772551	234.573892916122	161.43578656351	423.831797261278
"cel-miR-1829b"	12.7665969268014	13.8338128611605	13.6943422940714	16.1047320215502	19.8443886005058	2.45041106901106	30.7505880271205	17.2698931139899	2.23096349188839	5.62527321141779	4.17506344560802	4.67461541096998
"cel-miR-1829c"	122.878495420463	179.839567195087	223.323120487934	373.092958499247	191.002240279869	67.3863043978041	323.785603344386	719.167691818296	87.0075761836472	106.317663695796	80.717893281755	329.300685617219
"cel-miR-1830-3p"	142.028390810665	55.3352514446421	208.575367248165	56.3665620754259	169.917577391831	77.1879486738483	283.990724721054	92.5172845392319	214.172495221286	23.6261474879547	201.794733204387	31.1641027397999
"cel-miR-1832a"	6.38329846340069	11.2399729496929	5.26705472848902	13.4206100179585	11.1624685877845	40.4317826386825	9.9487196558331	27.1384034648413	12.2702992053861	11.8130737439774	6.95843907601336	6.23282054795998
"cel-miR-2208b-3p"	4.78747384755052	13.8338128611605	2.10682189139561	9.84178067983626	2.48054857506323	2.45041106901106	3.61771623848476	17.2698931139899	4.46192698377678	4.50021856913423	0	12.46564109592
"cel-miR-2208b-5p"	6.38329846340069	12.969199557338	10.534109456978	13.4206100179585	18.6041143129742	18.3780830175829	9.04429059621191	33.3062224341235	8.92385396755356	11.2505464228356	6.95843907601336	21.8148719178599
"cel-miR-2209a-3p"	6.38329846340069	73.4921308249153	26.3352736424451	61.7348060826093	21.0846628880375	91.8904150879147	31.6550170867417	122.122815591786	11.154817459442	44.4396583702005	9.7418147064187	50.3819660960098
"cel-miR-2209c-3p"	4.78747384755052	12.1045862535155	3.16023283709341	17.8941466906114	0	14.7024664140663	1.80885811924238	32.072658640267	0	19.6884562399623	0	13.5044445205799
"cel-miR-2210-3p"	31.9164923170034	15.5630394688056	25.2818626967473	8.94707334530569	26.0457600381639	24.5041106901106	15.3752940135602	14.8027655262771	31.2334888864375	10.125491780552	15.3085659672294	9.86863253426996
"cel-miR-2212-5p"	38.2997907804041	15.5630394688056	54.7773691762858	23.2623906977948	35.9679543384168	13.4772608795608	75.97204100818	56.7439345173955	20.0786714269955	5.06274589027601	34.7921953800668	14.0238462329099
"cel-miR-2214-3p"	1.59582461585017	43.2306651911266	2.10682189139561	83.2077821113429	2.48054857506323	17.1528774830774	4.52214529810596	67.8460086621034	4.46192698377678	59.6278960410286	9.7418147064187	44.1491455480498
"cel-miR-2214-5p"	82.982880024209	177.245727283619	67.4183005246594	254.096883006682	47.1304229262014	229.113434952534	62.4056051138622	294.821746731685	61.3514960269307	219.385655245294	54.2758247929042	196.853248973069
"cel-miR-2216-5p"	4.78747384755052	0.864613303822533	9.48069851128023	7.15765867624455	6.20137143765807	1.22520553450553	10.8531487154543	14.8027655262771	3.34644523783259	3.93769124799245	0	5.19401712329998
"cel-miR-2220-3p"	4.78747384755052	10.3753596458704	6.32046567418682	13.4206100179585	3.72082286259484	8.5764387415387	8.13986153659072	29.6055310525542	0	3.37516392685067	0	10.3880342466
"cel-miR-228-3p"	68.6204584815574	18.1568793802732	56.8841910676814	42.0512447229368	85.5789258396814	31.8553438971438	71.4498957100741	112.254305240935	84.7766126917588	21.3760382033876	64.0176394993229	45.1879489727098
"cel-miR-228-5p"	39678.5832484987	26443.3332841084	53624.9376016924	51889.4465734349	31655.5206406694	35588.5451607821	62217.483869461	102935.964342143	46745.3780455375	19813.8998325769	20413.2768733928	36566.9193514565
"cel-miR-229-3p"	260.119412383578	204.91335300594	323.397160329226	215.624467621867	406.80996631037	222.987407280006	406.993076829536	337.99647951666	440.615289647957	166.508087057967	264.420684888508	249.312821918399
"cel-miR-229-5p"	2353.841308379	4361.10950448086	3904.99437570176	7214.91994565451	2917.12512427436	1797.37651911961	5730.46252175987	10702.3994754983	1887.39511413758	2004.8473725493	2307.41839760603	5292.70344864268
"cel-miR-230-3p"	730.887674059379	83.8674904707857	652.06137538694	150.310832201136	539.519315076252	156.826308416708	602.349753707713	299.756001907111	723.947653117783	77.0662429964237	503.790989103367	136.602650342789
"cel-miR-230-5p"	285.652606237181	62.2521578752224	352.892666808764	70.681879427915	262.938148956702	86.9895929498926	390.713353756355	123.356379385642	346.914822988645	40.5019671222081	260.2456214429	51.4207695206698
"cel-miR-231-3p"	31.9164923170034	51.876798229352	34.7625612080275	48.3141960646507	26.0457600381639	14.7024664140663	56.979030756135	92.5172845392319	16.7322261891629	18.0008742765369	13.9168781520267	51.9401712329998
"cel-miR-231-5p"	4.78747384755052	11.2399729496929	17.9079860768627	11.6311953488974	11.1624685877845	3.67561660351659	32.5594461463629	22.2041482894156	12.2702992053861	4.50021856913423	6.95843907601336	5.19401712329998
"cel-miR-232-3p"	23.9373692377526	38.907598672014	43.1898487736099	38.4724153848145	28.5263086132271	12.2520553450553	66.9277504119681	102.385794890083	24.5405984107723	14.0631830285445	22.2670050432427	33.2417095891199
"cel-miR-232-5p"	6.38329846340069	6.05229312675773	7.37387661988463	5.36824400718342	9.92219430025292	2.45041106901106	12.6620068346967	8.63494655699497	7.80837222160937	3.93769124799245	4.17506344560802	4.67461541096998
"cel-miR-233-3p"	242.565341609226	226.528685601504	358.159721537253	577.086230772217	327.432411908346	166.627952692752	643.049061390667	1308.81118528167	240.944057123946	173.258414911668	155.869035302699	556.798635617758
"cel-miR-234-3p"	722.908550980128	472.943477190926	879.598139657666	532.350864045689	1049.27204725175	414.119470662869	603.254182767334	1400.09490602704	807.608784063597	339.766501969634	972.789782826668	860.648637330807
"cel-miR-235-3p"	9988.26627060623	2579.14148530262	7407.58577014695	2859.4846411597	7724.4282627469	3230.86699449108	7041.88465821059	4824.46799777248	11850.8780689111	2826.69978873744	6968.18089071978	3353.7768565148
"cel-miR-236-3p"	142.028390810665	284.457776957613	424.524611116215	764.974771023637	470.063954974482	101.692059363959	861.920893818995	1491.37862677242	103.73980237281	126.5686472569	161.43578656351	251.909830480049
"cel-miR-236-5p"	7.97912307925086	1.72922660764507	10.534109456978	4.47353667265285	6.20137143765807	1.22520553450553	12.6620068346967	4.9342551754257	12.2702992053861	0.562527321141779	5.56675126081069	3.63581198630999
"cel-miR-237-3p"	23.9373692377526	3.45845321529013	58.991012959077	15.2100246870197	69.4553601017704	12.2520553450553	88.6340478428767	46.8754241665441	45.734751583712	3.93769124799245	44.5340100864855	11.94623938359
"cel-miR-237-5p"	11596.8574833832	4763.15469075833	13830.2323060665	4667.68816424598	14707.1725015499	4506.30595591134	16949.0005773011	11090.9720705631	13348.9700537142	2895.89064923788	10727.1296795822	3500.24813939186
"cel-miR-238-3p"	40865.8767626912	52321.2094675168	41708.7529839588	92728.3628580827	48642.3172827024	92441.7575784422	54741.4732626322	175958.006683268	44420.7140869897	47884.5756848728	39393.1152971268	104314.562297507
"cel-miR-238-5p"	3.19164923170034	11.2399729496929	4.21364378279121	16.1047320215502	16.123565737911	7.35123320703317	23.515155550151	35.7733500218363	8.92385396755356	2.25010928456712	5.56675126081069	3.63581198630999
"cel-miR-239a-3p"	65.4288092498571	72.6275175210928	91.6467522757089	75.1554161005678	114.105234452909	67.3863043978041	172.745950387647	233.143557038864	89.2385396755356	56.2527321141779	83.5012689121603	61.2894020549398
"cel-miR-239a-5p"	9.57494769510103	63.9813844828674	27.3886845881429	178.941466906114	9.92219430025292	12.2520553450553	48.8391692195443	268.916907060701	2.23096349188839	26.4387840936636	8.35012689121603	91.9341030824096
"cel-miR-2-3p"	429.276821663696	339.793028402255	488.782678803781	399.934178535164	600.292755165302	159.276719485719	701.836950266044	677.226522827177	333.529042037314	165.945559736825	231.020177323644	356.828976370709
"cel-miR-240-3p"	2191.06719756229	1262.3354235809	1441.0661737146	1066.49114276044	2042.73175156457	1342.82526581806	1132.34518264573	1751.66058727612	2378.20708235302	1016.48686930319	3938.47651702356	1035.68701438602
"cel-miR-240-5p"	142.028390810665	356.220681174884	263.352736424451	463.458399286835	205.885531730248	240.140284763084	468.494252883777	661.190193507044	175.130634113239	204.759944895608	126.643591183443	205.683078082679
"cel-miR-241-3p"	284.056781621331	76.9505840402054	318.130105600737	164.626149553625	336.114331921068	167.853158227257	388.000066577491	320.72658640267	343.568377750812	95.0671172729606	267.204060518913	184.907009589479
"cel-miR-241-5p"	3193.24505631619	926.865461697755	3340.36610880774	1400.21697854034	3042.39282731505	1639.3250051684	3730.76987093741	2612.68811538791	4381.6122980688	825.790107436131	2744.40837157967	1342.13402466071
"cel-miR-242"	204.265550828822	168.599594245394	275.993667772825	391.881812524389	291.464457569929	113.944114709014	484.773975956958	680.927214208746	147.243590464634	122.630956008908	185.094479421955	358.387181507699
"cel-miR-243-3p"	424.489347816146	272.353190704098	672.076183355199	679.977574243233	391.92667485999	415.344676197374	609.585186184683	1250.83368697041	553.278945988321	214.88543667616	371.580646659113	683.532653426277
"cel-miR-243-5p"	3.19164923170034	19.8861059879183	7.37387661988463	41.1565373884062	9.92219430025292	26.9545217591216	14.4708649539391	75.2473914252419	1.1154817459442	18.0008742765369	1.39168781520267	21.8148719178599
"cel-miR-244-5p"	170.753233895968	200.590286486828	457.180350432847	541.297937390994	218.288274605564	118.844936847036	719.021102398847	1105.27315929536	131.626846021415	110.81788226493	180.919415976347	421.234788699628
"cel-miR-245-3p"	778.762412534884	696.878322880962	917.520933702787	1261.5373416881	817.340755483334	464.352897577596	1060.89528693566	2280.85945484053	918.041476912073	643.531255386195	601.209136167554	1789.85830068917
"cel-miR-246-3p"	10028.1618860025	24871.466297759	18637.9998622312	48725.7614385348	16437.3551326565	23047.3413095835	29601.9631214016	97083.9377040883	8381.72983902468	14318.0079050217	8743.97454291839	24771.8258661546
"cel-miR-246-5p"	4.78747384755052	6.05229312675773	8.42728756558243	6.26295134171398	18.6041143129742	15.9276719485719	21.7062974309086	39.4740414034056	16.7322261891629	5.06274589027601	1.39168781520267	5.19401712329998
"cel-miR-247-3p"	12.7665969268014	9.51074634204786	14.7477532397693	9.84178067983626	24.8054857506323	6.12602767252765	35.2727333252265	35.7733500218363	12.2702992053861	2.25010928456712	43.1423222712828	6.23282054795998
"cel-miR-248"	1361.2383973202	1906.47233492869	1953.02389332373	2736.90973632901	1363.06144199724	1401.63513147433	2697.00745579039	4706.04587356226	1289.49689831149	959.671609867875	743.161293318227	1380.0503496608
"cel-miR-249-3p"	157.986636969167	130.556608877202	217.002654813748	198.625028265786	205.885531730248	135.997814330114	399.757644352566	451.484348551451	122.702992053861	85.5041528135504	123.860215553038	144.913077740069
"cel-miR-250-3p"	876.107714101744	1279.62768965735	1707.57914297614	1580.94786011552	1784.75469975799	309.977000229899	3112.14039415652	2405.44939802003	651.44133963141	668.844984837575	868.413196686467	747.938465755197
"cel-miR-250-5p"	54.2580369389059	18.1568793802732	51.6171363391924	17.8941466906114	106.663588727719	66.1610988632986	75.0676119485589	60.4446258989648	107.086247610643	26.4387840936636	65.4093273145256	29.6058976028099
"cel-miR-251"	17.5540707743519	30.2614656337887	47.4034925564012	31.3147567085699	43.4096000636065	11.0268498105498	88.6340478428767	77.7145190129548	18.9631896810513	19.6884562399623	34.7921953800668	30.6447010274699
"cel-miR-252-5p"	853.766169479842	572.374007130517	1019.70179543547	920.653847231956	899.198858460421	477.830158457156	1032.8579860874	1375.42363014991	1195.79643165218	624.405326467374	661.051712221269	1139.56735685202
"cel-miR-253-3p"	502.684753992804	617.333898929289	622.565868907402	875.023773170897	510.993006463025	982.614838673434	907.142346800055	1594.99798545636	523.160938847828	633.968290926785	462.040354647287	638.344704453568
"cel-miR-254"	683.012935583874	385.61753350485	1027.07567205536	994.914555997993	721.8396353434	679.989071650569	1698.5177739686	2224.11552032313	644.748449155745	198.572144363048	456.473603386476	508.494276371068
"cel-miR-255-3p"	4.78747384755052	6.91690643058026	26.3352736424451	12.525902683428	17.3638400254426	1.22520553450553	32.5594461463629	25.9048396709849	8.92385396755356	2.25010928456712	6.95843907601336	6.23282054795998
"cel-miR-259-3p"	23.9373692377526	14.6984261649831	48.456903502099	46.5247813955896	39.6887772010117	22.0536996210995	40.6993076829536	98.685103508514	22.3096349188839	15.7507649919698	15.3085659672294	26.4894873288299
"cel-miR-259-5p"	201.073901597122	280.999323742323	400.296159365165	658.504598214499	332.393509058473	106.592881501981	651.188922927258	1050.99635236567	204.133159507788	168.758196342534	160.044098748307	579.132909247948
"cel-miR-2-5p"	15.9582461585017	4.32306651911266	11.5875204026758	9.84178067983626	12.4027428753161	2.45041106901106	14.4708649539391	37.0069138156927	8.92385396755356	1.12505464228356	9.7418147064187	9.86863253426996
"cel-miR-2953-3p"	23.9373692377526	4.32306651911266	52.6705472848902	17.8941466906114	40.9290514885433	8.5764387415387	91.3473350217403	56.7439345173955	21.1941531729397	4.50021856913423	23.6586928584454	11.94623938359
"cel-miR-34-3p"	41.4914400121045	83.0028771669632	44.2432597193078	91.2601481221181	73.1761829643653	42.8821937076935	58.7878888753774	146.794091468915	76.9682404701495	54.0026228296108	93.243083618579	90.3758979454197
"cel-miR-34-5p"	419.701873968595	2125.21950079579	593.070362427863	2433.60394992315	643.702355228908	966.687166724862	1046.42442198172	4479.07013549268	304.526516642765	1134.61760674297	304.779631529385	2134.22163596396
"cel-miR-35-3p"	17088.0899865236	94211.7240377185	30137.0337454685	47808.686420641	41292.4518547901	92994.3252745042	50831.6264378898	112135.883116724	10462.1032952106	61015.0884149642	5820.03844317757	33734.621814121
"cel-miR-355"	287.248430853031	1479.35336284035	991.259699901633	2406.76272988723	553.1623322391	743.699759444856	1558.33126972731	5349.96617395531	266.600137280663	909.606678286256	210.144860095603	2099.42172123785
"cel-miR-35-5p"	14.3624215426515	149.578101561298	16.8545751311649	179.836174240644	29.7665829007588	40.4317826386825	78.6853281870436	168.99823975833	4.46192698377678	53.440095508469	30.6171319344588	52.9789746576598
"cel-miR-356b-3p"	240.969516993376	203.184126398295	253.872037913171	291.674591056966	250.535406081386	227.888229418028	350.918475133022	518.096793419698	271.062064264439	199.697199005331	250.503806736481	434.219831507878
"cel-miR-357-3p"	87.7703538717595	22.4799458993859	104.287683624083	24.1570980323254	117.826057315503	9.80164427604423	89.5384769024979	43.1747327849749	85.892094437703	18.0008742765369	146.127220596281	26.4894873288299
"cel-miR-358-3p"	35.1081415487038	12.1045862535155	28.4420955338407	11.6311953488974	33.4874057633536	12.2520553450553	36.1771623848476	40.707605197262	17.8477079351071	7.8753824959849	40.3589466408775	11.42683767126
"cel-miR-358-5p"	20.7457200060522	10.3753596458704	17.9079860768627	10.7364880143668	35.9679543384168	25.7293162246161	18.0885811924238	16.0363293201335	31.2334888864375	11.2505464228356	94.6347714337817	9.34923082193996
"cel-miR-359"	3724.6546533943	1903.87849501722	5150.12611351656	3401.67728588522	4478.63045227666	8858.23601447497	7983.39530927625	11023.126061901	3928.72670921546	1260.06119935758	3326.13387833439	1611.18411164765
"cel-miR-36-3p"	1950.09768056891	8410.09360628178	4037.72415485968	7696.27249163196	5566.35100244189	6480.11207199974	9250.50042180554	15032.2083919344	935.88918484718	4873.17418305123	892.071889544913	5366.45849179354
"cel-miR-36-5p"	41.4914400121045	13.8338128611605	33.7091502623297	6.26295134171398	60.7734400890491	22.0536996210995	77.7808991274224	14.8027655262771	40.157342853991	9.56296445941024	34.7921953800668	5.71341883562998
"cel-miR-37-3p"	3383.14818560236	32401.3835607494	11218.8265716816	21294.0345618275	12602.4270356087	12585.3112504408	23026.7638579555	53356.5683394658	2294.54595140721	20977.7688600192	1134.22556939018	18585.7514723043
"cel-miR-37-5p"	4.78747384755052	10.3753596458704	8.42728756558243	2.68412200359171	21.0846628880375	12.2520553450553	19.8974393116662	4.9342551754257	13.3857809513303	5.06274589027601	11.1335025216214	3.63581198630999
"cel-miR-38-3p"	79.7912307925086	3071.97106848146	163.27869658316	4628.32104152663	308.828297595372	2251.92777242116	690.079372490969	7480.33084594536	20.0786714269955	978.235011465553	20.8753172280401	914.147013700796
"cel-miR-39-3p"	13050.6537084227	84409.6030122824	25514.6665157465	73178.1128912553	30458.6559532014	76952.7092112233	59170.4623675972	138865.976965799	6514.4133963141	45356.5779036616	5021.20963725124	41240.4959590018
"cel-miR-39-5p"	23.9373692377526	21.6153325955633	123.249080646643	17.8941466906114	182.320320267147	29.4049328281327	519.142280222564	55.5103707235391	31.2334888864375	23.6261474879547	29.2254441192561	11.42683767126
"cel-miR-40-3p"	4189.0396166067	15043.4068732083	7093.66930832901	11760.9279124043	7549.54958820494	12582.8608393718	11495.2933477853	18534.2960026928	2770.85665692538	9904.4185433433	1173.19282821585	7967.10286542984
"cel-miR-40-5p"	9.57494769510103	11.2399729496929	30.5489174252363	7.15765867624455	107.90386301525	19.6032885520885	197.16553499742	14.8027655262771	41.2728245999352	7.8753824959849	9.7418147064187	5.71341883562998
"cel-miR-41-5p"	135.645092347265	203.184126398295	171.705984148742	142.258466190361	217.048000318033	170.303569296269	327.403319582871	112.254305240935	155.051962686243	124.881065293475	118.293464292227	89.8564962330897
"cel-miR-42-3p"	106.920249261962	494.558809786489	149.584354289088	406.197129876878	163.716205954173	378.588510162208	242.386987978479	578.541419318663	100.393357134978	291.389152351441	84.892956727363	318.393249658289
"cel-miR-43-3p"	4.78747384755052	16.4276527726281	5.26705472848902	3.57882933812228	2.48054857506323	1.22520553450553	14.4708649539391	13.5692017324207	2.23096349188839	6.18780053255957	1.39168781520267	6.23282054795998
"cel-miR-44-3p"	36447.0384014021	42935.8320545232	36178.3455190454	35678.2443790755	71290.9660473172	77173.2462074343	53186.7597091434	105820.03649218	32485.0594053869	31530.781404639	43899.4004427531	23376.1934651239
"cel-miR-44-5p"	38.2997907804041	40.636825279659	38.9762049908187	16.1047320215502	91.7802972773395	91.8904150879147	51.5524563984079	56.7439345173955	45.734751583712	29.8139480205143	54.2758247929042	14.0238462329099
"cel-miR-45-3p"	36447.0384014021	42935.8320545232	36178.3455190454	35678.2443790755	71290.9660473172	77173.2462074343	53186.7597091434	105820.03649218	32485.0594053869	31530.781404639	43899.4004427531	23376.1934651239
"cel-miR-45-5p"	248.948640072627	90.784396901366	223.323120487934	74.2607087660373	350.997623371447	276.89645079825	211.636399951359	212.172972543305	249.8679110915	70.3159151427223	93.243083618579	54.5371797946498
"cel-miR-46-3p"	15078.9467951683	10441.0702569609	18010.1669385954	13467.1347993541	19376.8051941064	7251.99155873823	25012.8900728837	23421.6757539519	13840.8975036756	7545.74148579582	12177.2683830234	13216.1765702368
"cel-miR-46-5p"	175.540707743519	148.713488257476	304.435763306665	196.835613596725	375.803109122079	162.952336089235	443.170239214384	656.255938331618	118.241065070085	110.255354943789	212.928235726009	141.796667466089
"cel-miR-47-3p"	29538.7136393867	14801.3151481379	29020.4181430288	18198.3471843518	36927.9266369663	20067.6414496661	36109.3302053761	35774.5835856302	27304.762177222	12228.21890698	26190.1729942991	18224.767282235
"cel-miR-47-5p"	151.603338505766	238.633271855019	252.818626967473	296.148127729618	307.588023307841	142.123842002641	420.559512723854	790.714391861968	155.051962686243	156.382595277415	182.31110379155	301.252993151399
"cel-miR-4806-5p"	19.1498953902021	0	9.48069851128023	7.15765867624455	7.44164572518969	3.67561660351659	6.33100341734834	18.5034569078464	13.3857809513303	2.81263660570889	6.95843907601336	4.67461541096998
"cel-miR-4807"	6.38329846340069	33.7199188490788	16.8545751311649	32.2094640431005	11.1624685877845	89.4400040189036	18.993010252045	65.3788810743905	8.92385396755356	20.8135108822458	4.17506344560802	16.1014530822299
"cel-miR-4808-3p"	3.19164923170034	6.91690643058026	6.32046567418682	10.7364880143668	6.20137143765807	61.2602767252765	7.23543247696953	28.3719672586978	4.46192698377678	10.6880191016938	4.17506344560802	6.75222226028997
"cel-miR-4811-3p"	7.97912307925086	6.91690643058026	9.48069851128023	12.525902683428	16.123565737911	4.90082213802212	14.4708649539391	27.1384034648413	6.69289047566517	3.37516392685067	12.525190336824	12.46564109592
"cel-miR-4812-5p"	25.5331938536028	17.2922660764507	20.0148079682583	14.3153173524891	35.9679543384168	14.7024664140663	23.515155550151	24.6712758771285	23.4251166648281	15.188237670828	20.8753172280401	16.1014530822299
"cel-miR-4813-3p"	30.3206677011533	44.9598917987717	84.2728756558243	65.3136354207316	49.6109715012646	29.4049328281327	78.6853281870436	134.45845353035	31.2334888864375	25.31372945138	27.8337563040534	42.5909404110598
"cel-miR-4814-3p"	6.38329846340069	6.91690643058026	6.32046567418682	6.26295134171398	7.44164572518969	1.22520553450553	7.23543247696953	6.16781896928212	11.154817459442	1.68758196342534	8.35012689121603	4.67461541096998
"cel-miR-4816-3p"	38.2997907804041	55.3352514446421	93.7535741671045	68.8924647588538	79.3775544020233	33.0805494316493	83.2074734851496	113.487869034791	46.8502333296562	45.5647130124841	47.3173857168908	46.2267523973698
"cel-miR-4816-5p"	7.97912307925086	12.969199557338	21.0682189139561	36.6830007157533	29.7665829007588	7.35123320703317	75.0676119485589	46.8754241665441	4.46192698377678	5.62527321141779	5.56675126081069	8.31042739727997
"cel-miR-48-3p"	201.073901597122	173.787274068329	139.05024483211	258.570419679335	181.080045979616	120.070142381542	196.261105937798	336.762915722804	271.062064264439	187.321597940212	256.070557997292	277.879916096549
"cel-miR-48-5p"	77557.0763303184	98997.3586743762	99824.381447161	161514.357444127	86261.0766978238	168455.959350234	140056.266456699	317598.268621451	91267.6009714081	80969.6200778265	48194.1490404685	127026.440972561
"cel-miR-4929"	19.1498953902021	11.2399729496929	7.37387661988463	22.3676833632642	13.6430171628478	12.2520553450553	13.5664358943179	49.342551754257	8.92385396755356	13.5006557074027	19.4836294128374	21.8148719178599
"cel-miR-4936"	6.38329846340069	9.51074634204786	12.6409313483736	6.26295134171398	8.6819200127213	2.45041106901106	9.04429059621191	6.16781896928212	13.3857809513303	6.75032785370135	8.35012689121603	2.07760684931999
"cel-miR-4937"	15.9582461585017	13.8338128611605	29.4955064795385	11.6311953488974	23.5652114631007	6.12602767252765	31.6550170867417	23.4377120832721	24.5405984107723	5.62527321141779	18.0919415976347	12.46564109592
"cel-miR-49-3p"	1886.2646959349	976.14842001564	1927.74203062698	1147.90951020272	1929.86679139919	555.018107131005	2202.2847601776	1639.40628203519	1872.8938514403	760.536938183685	1503.02284041889	1297.46547740033
"cel-miR-49-5p"	67.0246338657072	44.0952784949492	120.08884780955	56.3665620754259	131.469074478351	37.9813715696714	187.216815341587	191.202388047746	97.046911897145	18.0008742765369	98.8098348793897	35.3193164384399
"cel-miR-50-5p"	5697.09387858511	2375.0927456005	8950.83280559424	3110.00269482826	8913.85130448972	2017.91351533061	8582.12734674548	7393.98138037541	6535.60754948704	1978.40858845564	4435.30906705091	3676.32531987173
"cel-miR-51-3p"	54.2580369389059	29.3968523299661	101.127450786989	15.2100246870197	109.144137302782	12.2520553450553	178.172524745375	32.072658640267	54.6586055512656	25.31372945138	50.1007613472962	14.5432479452399
"cel-miR-51-5p"	27240.7261925624	40419.8073403996	24769.9049771382	32688.1324670743	42055.220541622	66168.4500965056	31951.6698182974	66750.6040131589	30702.519575368	37013.7352038079	29996.4391688784	31551.5764171981
"cel-miR-52-5p"	40380.7460794728	35552.0344398787	39726.2335841556	24948.9140233849	53729.9224101571	16258.4774428884	45296.5205930081	53965.9488536309	47152.5288828071	27546.9629163129	61913.4075227365	32479.7472771318
"cel-miR-53-5p"	1884.66887131905	3538.86225254563	1886.65900374477	2684.12200359171	2562.40667804032	1695.68445975565	2252.93278751639	5611.48169825288	2137.26302522908	2629.25269901667	2776.41719132933	3298.72027500782
"cel-miR-54-3p"	17683.3325682358	11029.0073035602	19702.9983283317	18885.4824172713	21472.8687400348	28092.7377006773	32443.6792267314	44341.684133963	18008.3373065231	9895.41810620503	21253.8563137752	18180.0987349746
"cel-miR-54-5p"	134.049267731414	41.5014385834816	189.613970225605	56.3665620754259	205.885531730248	72.2871265358262	324.690032404008	139.392708705776	230.904721410448	25.8762567725218	123.860215553038	42.0715386987298
"cel-miR-55-3p"	21743.1103909586	19171.070785657	26099.3095906088	31446.2786867459	25895.6868493726	10865.122679995	27602.2704705791	40659.4962093016	24664.4168845721	19291.8744785573	13122.224409546	40195.4597137939
"cel-miR-5551-5p"	44.6830892438048	104.618209762526	146.424121451995	235.30802898154	85.5789258396814	112.718909174509	189.93010252045	524.26461238898	75.8527587242053	63.565587289021	51.4924491624989	143.354872603079
"cel-miR-5592-3p"	180.328181591069	386.482146808672	477.195158401105	1002.07221467424	421.693257760749	253.617545642645	959.599232258084	1744.25920451298	180.70804284296	217.698073281868	229.628489508441	495.509233562818
"cel-miR-5592-5p"	75.0037569449581	114.993569408397	103.234272678385	348.041153132391	101.702491577592	126.196170054069	161.892801672193	302.223129494824	92.5849849133682	71.4409697850059	215.711611356414	161.533932534629
"cel-miR-5594-3p"	15.9582461585017	23.3445592032084	9.48069851128023	35.7882933812228	8.6819200127213	29.4049328281327	16.2797230731814	78.9480828068112	2.23096349188839	16.8758196342534	4.17506344560802	14.5432479452399
"cel-miR-56-3p"	29862.6660364043	18388.5957456976	28844.4985150973	32655.0282956967	31624.5137834811	16084.4982569886	32425.5906455389	38960.8788651613	35727.7648408466	21890.7507022323	18887.9870279307	42448.1049401691
"cel-miR-57-3p"	12.7665969268014	7.7815197344028	12.6409313483736	13.4206100179585	34.7276800508852	8.5764387415387	51.5524563984079	53.0432431358263	39.0418611080468	6.18780053255957	19.4836294128374	12.98504280825
"cel-miR-57-5p"	23654.9082807471	23696.4568178642	19553.4139740426	30696.5139404093	30165.9512213439	42323.499983959	25526.6057787485	80545.5479198552	25348.2071948359	19640.6414176652	28261.0044633207	23931.953297317
"cel-miR-58-3p"	187105.648734585	500213.380793488	263676.13358478	573978.017492058	292686.127743148	277901.119336544	408121.804295943	1084469.10591197	137412.849837628	211882.103308584	168319.074497502	294120.049435971
"cel-miR-58-5p"	153.199163121617	268.030124184985	94.8069851128023	220.09800429452	224.489646043222	519.487146630344	146.517507658633	314.558767433388	269.946582518495	234.573892916122	180.919415976347	194.256240411419
"cel-miR-58b-5p"	19.1498953902021	14.6984261649831	15.8011641854671	11.6311953488974	26.0457600381639	11.0268498105498	37.0815914444688	9.8685103508514	16.7322261891629	9.56296445941024	6.95843907601336	4.15521369863998
"cel-miR-59-3p"	3300.16530557816	1613.36842493285	8083.87559728494	3364.99428516947	4731.64640693311	741.249348375845	14387.6574804539	5285.82085667478	2509.83392837444	587.278523272017	2645.59853670028	1166.57624589318
"cel-miR-60-3p"	1624.54945893548	1928.08766752425	3651.12233778859	3169.94808624181	2428.4570549869	619.954000459798	6400.64445493917	4945.35724957041	1957.67046413206	1167.24419136919	1800.84403287226	2019.95325925136
"cel-miR-61-3p"	18334.4290115026	16025.6075863506	23995.6479320503	19579.775308867	25214.7762655177	21455.7993202608	39622.1326729448	47750.0208963883	17047.9075232651	12366.6006279809	11770.8955409842	10499.1862130386
"cel-miR-61-5p"	90.9620031034598	147.848874953653	163.27869658316	152.100246870197	204.645257442716	77.1879486738483	201.687680295526	297.288874319398	70.2753499944843	85.5041528135504	112.726713031416	92.4535047947396
"cel-miR-62"	92.55782771931	72.6275175210928	258.085681695962	181.625588909706	215.807726030501	25.7293162246161	455.83224604908	416.944562323472	89.2385396755356	34.8766939107903	121.076839922632	94.5311116440596
"cel-miR-63-3p"	2473.52815456777	6418.02455427466	3742.7690900643	12474.0096580252	2711.23959254411	3023.80725915965	4448.88654427664	15118.5578575043	2404.97864425569	4352.27388367394	1775.79365219861	10129.891595572
"cel-miR-63-5p"	140.432566194815	711.576749045945	273.886845881429	1061.12289875326	217.048000318033	731.447704099801	418.750654604611	2229.04977549856	139.435218243024	302.639698774277	130.818654629051	485.640601028548
"cel-miR-64-5p"	45139.495083938	28741.4754456686	43236.1988552207	49929.1428034784	47978.770538873	42805.0057590197	68705.8579431834	73492.0301465842	41617.508459432	28541.5112200916	45671.0190315061	62875.6548843956
"cel-miR-65-3p"	4.78747384755052	6.91690643058026	14.7477532397693	18.788854025142	8.6819200127213	8.5764387415387	18.0885811924238	41.9411689911184	8.92385396755356	9.56296445941024	13.9168781520267	20.7760684931999
"cel-miR-65-5p"	49888.6691407081	29769.5006639136	47803.7887157663	55881.6307001103	44878.084820044	29718.5854449661	58936.2152411553	70420.4562998817	45353.2568265991	25748.5630706226	41246.8434669768	56157.1937354071
"cel-miR-66-3p"	6.38329846340069	6.91690643058026	10.534109456978	15.2100246870197	13.6430171628478	2.45041106901106	9.9487196558331	19.7370207017028	4.46192698377678	1.12505464228356	4.17506344560802	15.5820513698999
"cel-miR-66-5p"	17708.8657620894	32863.0870649907	39403.889834772	66784.5342786998	30632.2943534558	11384.6098266254	71909.3456723617	122505.220367882	18937.5336008946	19554.5747375305	11964.3401472974	49911.3881446388
"cel-miR-67-3p"	17.5540707743519	22.4799458993859	27.3886845881429	29.5253420395088	32.247131475822	8.5764387415387	51.5524563984079	51.8096793419698	10.0393357134978	8.43790981712668	13.9168781520267	10.3880342466
"cel-miR-70-3p"	160597.406040698	106796.170674855	259344.507776071	118441.356945157	302418.560077409	139670.980522561	353728.536221265	279403.432872274	113049.61302446	58480.9028332205	157365.099704042	54550.6842391704
"cel-miR-70-5p"	3.19164923170034	4.32306651911266	20.0148079682583	8.94707334530569	8.6819200127213	0	27.1328717886357	6.16781896928212	3.34644523783259	0.562527321141779	1.39168781520267	3.11641027397999
"cel-miR-71-3p"	153.199163121617	419.337452353928	0	0	385.725303422332	202.158913193412	0	0	354.723195210254	275.638387359472	0	0
"cel-miR-71-5p"	123352.455331371	110682.607475538	108.501327406874	166.415564222686	173431.274448408	142694.787781721	52.4568854580291	103.61935868394	155782.603229837	90220.9444013242	139.168781520267	189.062223288119
"cel-miR-72-3p"	70.2162830974076	112.399729496929	58.991012959077	89.4707334530569	124.027428753161	115.16932024352	109.435916214164	175.166058727612	153.936480940299	97.3172265575277	80.717893281755	101.28333390435
"cel-miR-72-5p"	29728.6167686729	56907.1184309915	45667.4713178912	116886.355597743	40143.9578645358	56849.5368010566	84595.7720916681	230386.541959595	33359.5970942071	42066.9181296245	18171.2678031013	95615.1030176923
"cel-miR-73-3p"	7888.1610761474	7514.35422352163	8091.24947390483	8089.04901149088	10056.1439233063	11788.9276530122	11422.9390230156	15848.8276234673	9367.81570243935	6854.39540811257	9047.36248663257	7115.28405720864
"cel-miR-73-5p"	35.1081415487038	21.6153325955633	25.2818626967473	8.05236601077512	47.1304229262014	13.4772608795608	72.3543247696953	37.0069138156927	47.9657150756004	11.2505464228356	29.2254441192561	10.3880342466
"cel-miR-74-3p"	269.694360078679	335.469961883143	381.334762342605	473.300179966671	321.231040470688	181.330419106818	586.974459694153	878.297421225774	232.020203156393	208.135108822458	236.586928584454	418.118378425648
"cel-miR-74-5p"	76.5995815608083	13.8338128611605	47.4034925564012	23.2623906977948	64.494262951644	55.1342490527488	67.8321794715893	51.8096793419698	93.7004666593124	14.0631830285445	30.6171319344588	18.6984616438799
"cel-miR-75-3p"	402.147803194243	887.957863025741	589.91012959077	1134.48890018476	411.771063460496	256.067956711656	729.874251114301	1348.28522668507	419.421136475017	468.02273118996	468.9987937233	866.881457878767
"cel-miR-75-5p"	27.1290184694529	61.3875445713998	31.6023283709341	84.1024894458735	40.9290514885433	45.3326047767046	66.0233213523469	120.88925179793	45.734751583712	47.8148222970512	23.6586928584454	60.7700003426098
"cel-miR-76-3p"	344.698117023637	357.949907782529	572.002143513907	800.76306440486	409.290514885433	269.545217591216	871.869613474828	1592.53085786864	371.455421399417	252.574767192659	296.429504638169	1091.26299760533
"cel-miR-77-3p"	21326.6001662217	73476.5677854465	42477.7429743182	119215.278789526	41829.4906212912	29926.8703858321	66956.692141876	194449.127953176	20568.367913465	35524.7253847456	10789.7556312663	80860.9779772464
"cel-miR-77-5p"	1093.13986185737	924.271621786288	886.972016277551	551.139718070831	3207.34930755676	4808.9317229342	1858.60171752155	2259.88887034497	3178.00749419501	750.973973724275	1391.68781520267	467.980942809328
"cel-miR-78"	266.502710846979	242.956338374132	218.056065759445	190.572662255011	342.315703358726	262.193984384183	264.093285409388	277.551853617696	366.99349441564	288.013988424591	301.99625589898	177.635385616859
"cel-miR-784-5p"	49.4705630913553	96.8366900281237	173.812806040138	282.72751771166	54.5720686513911	30.6301383626382	206.209825593632	414.477434735759	46.8502333296562	52.3150408661854	37.5755710104721	192.178633562099
"cel-miR-785"	419.701873968595	266.30089757734	1137.68382135363	1259.74792701904	532.077669351063	154.375897347697	2021.39894825336	2203.14493582757	610.168515031475	198.009617041906	257.462245812494	714.696756166077
"cel-miR-786-3p"	151.603338505766	218.747165867101	103.234272678385	324.778762434597	243.093760356196	173.979185899785	104.913770916058	323.193713990383	155.051962686243	226.698510420137	343.74689035506	262.297864726649
"cel-miR-787-3p"	304.802501627383	193.673380056247	554.094157437045	421.407154563898	451.459840661508	147.024664140663	630.38705455597	724.101946993721	327.951633307593	164.257977773399	254.678870182089	460.709318836708
"cel-miR-788-3p"	271.290184694529	87.3259436860758	448.753062867264	111.838416816321	293.945006144993	80.8635652773649	555.319442607411	212.172972543305	361.416085685919	52.3150408661854	158.652410933105	88.2982910960997
"cel-miR-788-5p"	46.278913859655	19.8861059879183	30.5489174252363	19.6835613596725	28.5263086132271	26.9545217591216	51.5524563984079	43.1747327849749	25.6560801567165	13.5006557074027	40.3589466408775	17.1402565068899
"cel-miR-789"	7.97912307925086	4.32306651911266	11.5875204026758	20.5782686942031	13.6430171628478	6.12602767252765	9.9487196558331	25.9048396709849	8.92385396755356	6.18780053255957	19.4836294128374	17.1402565068899
"cel-miR-790-5p"	1445.81710196026	561.998647484646	1852.94985348244	1246.32731700108	1919.94459709894	670.187427374524	2562.24752590683	3088.84373981649	1937.59179270507	659.844547699307	1316.53667318173	1387.84137534575
"cel-miR-791-3p"	62.2371600181567	25.0737858108535	32.6557393166319	53.6824400718342	27.2860343256955	45.3326047767046	28.9417299078781	104.852922477796	44.6192698377678	29.8139480205143	38.9672588256748	51.9401712329998
"cel-miR-791-5p"	6.38329846340069	5.1876798229352	9.48069851128023	8.94707334530569	8.6819200127213	13.4772608795608	9.04429059621191	27.1384034648413	5.57740872972098	6.18780053255957	6.95843907601336	18.1790599315499
"cel-miR-792-3p"	6.38329846340069	6.05229312675773	20.0148079682583	33.1041713776311	9.92219430025292	6.12602767252765	44.3170239214384	55.5103707235391	11.154817459442	6.18780053255957	20.8753172280401	17.6596582192199
"cel-miR-793"	322.356572401735	184.1626337142	746.868360499743	688.924647588538	452.700114949039	156.826308416708	1232.73680826368	1538.25405093896	334.644523783259	154.132485992847	229.628489508441	630.553678768618
"cel-miR-79-3p"	127.665969268014	140.06735521925	264.406147370149	215.624467621867	234.411840343475	44.107399242199	447.69238451249	492.191953748713	91.469503167424	58.502841398745	194.836294128374	113.74897500027
"cel-miR-794-3p"	4.78747384755052	7.7815197344028	23.1750408053517	22.3676833632642	6.20137143765807	8.5764387415387	29.8461589674993	40.707605197262	12.2702992053861	8.43790981712668	5.56675126081069	9.34923082193996
"cel-miR-794-5p"	68.6204584815574	64.84599778669	100.074039841291	85.8919041149346	96.741394427466	25.7293162246161	144.708649539391	206.005153574023	49.0811968215446	31.5015299839396	45.9256979016882	92.4535047947396
"cel-miR-795-3p"	23.9373692377526	8.64613303822533	93.7535741671045	38.4724153848145	42.1693257760749	12.2520553450553	162.797230731814	140.626272499632	42.3883063458794	10.125491780552	43.1423222712828	32.2029061644599
"cel-miR-795-5p"	293.631729316432	143.52580843454	376.067707614116	238.886858319662	368.36146339689	135.997814330114	416.037367425748	579.77498311252	369.224457907529	186.196543297929	352.097017246276	422.273592124288
"cel-miR-79-5p"	14.3624215426515	6.91690643058026	21.0682189139561	16.9994393560808	16.123565737911	7.35123320703317	26.2284427290145	20.9705844955592	18.9631896810513	6.75032785370135	29.2254441192561	9.34923082193996
"cel-miR-797-5p"	20.7457200060522	5.1876798229352	13.6943422940714	19.6835613596725	9.92219430025292	1.22520553450553	26.2284427290145	18.5034569078464	6.69289047566517	4.50021856913423	9.7418147064187	7.27162397261997
"cel-miR-799"	28.7248430853031	12.969199557338	23.1750408053517	8.94707334530569	50.8512457887962	6.12602767252765	25.3240136693933	23.4377120832721	35.6954158702142	6.18780053255957	29.2254441192561	17.6596582192199
"cel-miR-800-3p"	15.9582461585017	3.45845321529013	38.9762049908187	15.2100246870197	35.9679543384168	11.0268498105498	47.0303111003019	17.2698931139899	30.1180071404933	2.81263660570889	27.8337563040534	9.86863253426996
"cel-miR-80-3p"	100768.345367859	101564.395573425	158808.020529618	161772.033156472	136941.164634941	113752.982645631	270676.62453437	328461.03139015	106024.308988504	77758.1516014281	58146.1086069828	193121.347669978
"cel-miR-80-5p"	751.633394065431	438.358945038024	1179.82025918154	1078.12233810934	1299.80745333313	732.672909634306	2262.88150717222	1594.99798545636	1384.31284671675	274.513332717188	777.953488698294	378.124446576239
"cel-miR-81-3p"	27804.0522819575	23236.4825402306	26035.0515229212	36129.1768756789	52994.4397576508	81351.1970800981	32783.7445531489	96148.8963483452	28530.6766160147	19623.765598031	42095.7730342504	21479.3384116947
"cel-miR-82-3p"	82034.960202394	86586.6993113076	86616.7150100019	101691.54093541	168176.232292137	154633.190509943	141216.648940193	270872.105673963	88084.0160684834	71136.0799769471	96940.7981435725	79816.4611337508
"cel-miR-82-5p"	9.57494769510103	15.5630394688056	43.1898487736099	23.2623906977948	45.8901486386697	11.0268498105498	49.7435982791655	39.4740414034056	26.7715619026607	5.62527321141779	16.7002537824321	11.42683767126
"cel-miR-83-3p"	102.132775414411	266.30089757734	195.934435899791	305.095201074924	150.073188791325	37.9813715696714	258.666711051661	362.667755393789	132.742327767359	148.50721278143	128.035278998646	259.181454452669
"cel-miR-83-5p"	12.7665969268014	14.6984261649831	31.6023283709341	16.9994393560808	16.123565737911	8.5764387415387	41.6037367425748	25.9048396709849	31.2334888864375	10.125491780552	11.1335025216214	12.98504280825
"cel-miR-84-3p"	78.1954061766584	122.7750891428	90.5933413300111	76.944830769629	147.592640216262	121.295347916047	143.804220479769	173.932494933756	123.818473799806	90.0043713826846	58.4508882385122	60.2505986302798
"cel-miR-84-5p"	7253.02287903903	10457.4979097335	12731.5246897037	20724.1059897316	9622.04792267027	6509.51700482788	21415.9757027702	35451.3898716398	9604.29783257952	7196.41201936678	4957.19199775192	13487.8236657854
"cel-miR-85-3p"	11177.1556094146	7143.43511618177	26262.5882871919	22888.403031961	18998.5215364093	3361.96398668317	34365.5909784264	48131.19210869	11961.3107617596	5372.13591690399	12006.0907817534	18160.8808716184
"cel-miR-86-3p"	175.540707743519	44.9598917987717	186.453737388511	79.6289527732207	349.757349083915	182.555624641324	365.389340086961	228.209301863439	248.752429345556	33.1891119473649	169.785913454726	50.3819660960098
"cel-miR-86-5p"	2685.77282847584	2138.18870035312	3410.94464216949	3241.52467300425	3177.582724656	706.94359340969	4806.13602282701	6080.23593991832	2709.50516089845	1261.18625399987	2409.01160811582	3290.40984761054
"cel-miR-87-3p"	5542.29889084765	3813.80928316119	6086.60844424191	6765.77686372016	7842.2543200624	6440.90549489557	8595.6937826398	15401.0439662975	5723.53683843967	3496.6698282173	7761.4429453853	6378.77242912471
"cel-miR-90-3p"	15958.2461585017	10230.1046108282	14724.5781989639	13334.7181138436	25832.4328607085	8653.62669021255	16663.2009944608	27882.2424325368	19960.4303619254	10715.5829404297	16807.4137442027	18499.5307880575
"cel-miR-90-5p"	38.2997907804041	53.606024836997	61.0978348504726	50.1036107337119	73.1761829643653	55.1342490527488	89.5384769024979	94.9844121269447	44.6192698377678	37.6893305164992	25.0503806736481	44.6685472603798
"cel-miR-2208a-5p"	0	40.636825279659	1.0534109456978	59.9453914135481	2.48054857506323	99.2416482949479	3.61771623848476	197.370207017028	0	19.6884562399623	4.17506344560802	31.1641027397999
"cel-miR-239b-5p"	0	2.5938399114676	3.16023283709341	16.9994393560808	1.24027428753161	1.22520553450553	3.61771623848476	37.0069138156927	0	0	0	8.82982910960997
"cel-miR-41-3p"	0	14.6984261649831	7.37387661988463	25.9465127013865	4.96109715012646	6.12602767252765	22.6107264905298	25.9048396709849	0	6.18780053255957	0	8.31042739727997
"cel-miR-4922"	0	11.2399729496929	0	29.5253420395088	4.96109715012646	11.0268498105498	7.23543247696953	76.4809552190983	2.23096349188839	5.06274589027601	0	14.5432479452399
"cel-miR-4926"	0	7.7815197344028	4.21364378279121	38.4724153848145	4.96109715012646	4.90082213802212	8.13986153659072	35.7733500218363	1.1154817459442	2.25010928456712	1.39168781520267	4.67461541096998
"cel-miR-5549-3p"	0	10.3753596458704	7.37387661988463	11.6311953488974	3.72082286259484	3.67561660351659	6.33100341734834	29.6055310525542	0	4.50021856913423	2.78337563040534	8.82982910960997
"cel-miR-796"	0	18.1568793802732	1.0534109456978	10.7364880143668	7.44164572518969	25.7293162246161	6.33100341734834	40.707605197262	0	13.5006557074027	0	11.94623938359
