"baseMean"	"log2FoldChange"	"lfcSE"	"stat"	"pvalue"	"padj"
"cel-let-7-5p"	8817.92455867345	-1.57332179418468	0.421168392609504	-3.73561222017775	0.000187259047001717	0.00234073808752147
"cel-lin-4-5p"	4769.73912502031	-0.827481620164328	0.387197068525639	-2.13710714111343	0.0325892782690396	0.0818587111802009
"cel-lsy-6"	21.7202368814158	-1.50288425598699	0.620318865435878	-2.42276084079913	0.0154030633891805	0.0518959365535103
"cel-miR-1018"	23.7603359875168	1.95192114934433	0.648381966010874	3.01044947525822	0.00260861343798645	0.0158097784120391
"cel-miR-1020-3p"	112.05974578848	-1.27812530055528	0.481447239592368	-2.6547567323004	0.00793656207012505	0.0317462482805002
"cel-miR-1022-5p"	334.771884443128	-1.07651710888568	0.408765261725311	-2.63358266879611	0.00844892650591544	0.033133045121237
"cel-miR-1817"	94.6431201942969	-2.13411155685226	0.427987474379588	-4.98638788423862	6.1518578079456e-07	2.10807517618834e-05
"cel-miR-1819-3p"	63.1609985515958	-1.77068832434913	0.448498901283681	-3.94803269145391	7.87960465270365e-05	0.00131326744211728
"cel-miR-1821"	108.914710975197	-1.1341667062284	0.476906156367818	-2.3781758551124	0.0173985262304957	0.0555574412392731
"cel-miR-1830-3p"	129.723048796524	-1.63367611829791	0.472853740730821	-3.45492903529319	0.000550437680829505	0.00440350144663604
"cel-miR-2209a-3p"	45.8680563583268	2.15739186200226	0.540276060899995	3.99312873201983	6.5207143556664e-05	0.00118558442830298
"cel-miR-2209c-3p"	9.97694363024073	2.61917516572172	0.722949839602337	3.62290026533848	0.000291318169491654	0.00291318169491654
"cel-miR-2212-5p"	32.3351033164243	-1.31092342359213	0.56491712148402	-2.3205588461337	0.0203106654767196	0.0615474711415745
"cel-miR-2214-3p"	28.3436214256116	3.13590891152454	0.625711857601559	5.01174601923787	5.39383659437149e-07	2.10807517618834e-05
"cel-miR-2214-5p"	145.590102133471	1.63287785879063	0.379261621508509	4.30541285009507	1.66674598839734e-05	0.000416686497099335
"cel-miR-228-3p"	58.5174569756218	-1.63015197085643	0.460768990442282	-3.53789426951601	0.000403331528817872	0.00366665026198065
"cel-miR-229-3p"	291.641517232501	-0.859675158605514	0.374738044176736	-2.29406960932974	0.021786500680068	0.0650343303882628
"cel-miR-230-3p"	388.082190565532	-2.50187137589736	0.417088756250177	-5.9984148179643	1.99252993869896e-09	3.98505987739792e-07
"cel-miR-230-5p"	194.546663872675	-2.11416489904914	0.424442150391502	-4.98104369959263	6.32422552856502e-07	2.10807517618834e-05
"cel-miR-234-3p"	754.612945397842	-1.01376658726224	0.40585294560034	-2.49786677231743	0.0124943140746116	0.0454338693622241
"cel-miR-235-3p"	5887.97180710997	-1.70617873166078	0.345806828485636	-4.93390699984876	8.06008289613694e-07	2.3028808274677e-05
"cel-miR-237-3p"	35.4138699880972	-2.49878191114392	0.589402978237538	-4.23951354744746	2.2400467554857e-05	0.000497788167885711
"cel-miR-237-5p"	9381.96852264213	-1.59729906484056	0.43254155005795	-3.69282226095171	0.000221779032230349	0.00260916508506293
"cel-miR-239a-5p"	62.397565596413	1.85538179948819	0.628067699132186	2.95411116039213	0.0031357103472129	0.0170240506289916
"cel-miR-2-3p"	406.978617551469	-0.958228352395132	0.465033818428561	-2.06055627445155	0.0393453919150469	0.0971491158396221
"cel-miR-241-3p"	245.600360756379	-1.42543098350389	0.40983681260318	-3.47804526013638	0.00050508463382194	0.00420903861518284
"cel-miR-241-5p"	2431.65118549301	-1.55812808924388	0.402691023024653	-3.86928935624296	0.000109153038326619	0.0015593291189517
"cel-miR-243-5p"	20.0438381185007	1.78162997521919	0.65039959232365	2.73928519674198	0.00615729354498203	0.0267708414999218
"cel-miR-250-5p"	56.5669484507638	-1.17918184116503	0.518110477317079	-2.27592741855205	0.0228503541226868	0.0672069238902553
"cel-miR-252-5p"	897.718939968793	-0.781970419324695	0.355481379235765	-2.19975071832404	0.0278245862093845	0.0741988965583586
"cel-miR-2-5p"	11.4750751937176	-1.82125447034881	0.667710055335792	-2.72761276514386	0.00637944486853811	0.0269268428473079
"cel-miR-2953-3p"	29.8100994571412	-1.98031434508237	0.610736482250127	-3.24250213084755	0.00118485062242507	0.00846321873160762
"cel-miR-34-5p"	1382.13542978522	1.49541815431461	0.482776089164887	3.09753980753563	0.00195134186848441	0.0125893023773188
"cel-miR-35-3p"	49794.3060701444	1.62760419260865	0.580907766367476	2.80182894228865	0.00508138087905959	0.0236343296700446
"cel-miR-355"	1404.6297629791	1.33713450456545	0.543545715849303	2.46002215743003	0.013892843829931	0.0485635689362745
"cel-miR-35-5p"	68.3342779204115	1.97295505606721	0.620977669746206	3.17717552850742	0.001487169975126	0.0102563446560414
"cel-miR-357-3p"	64.628805778827	-2.33955803912724	0.444967833672365	-5.25781385098924	1.45777967622388e-07	9.71853117482585e-06
"cel-miR-358-3p"	23.9515935098921	-1.27607394850402	0.549451034392009	-2.3224525364959	0.0202085812992073	0.0615474711415745
"cel-miR-36-5p"	30.0778400308546	-1.52827778093368	0.520099671567667	-2.93843250530653	0.00329876476131819	0.0173411001779717
"cel-miR-37-3p"	17738.3962680377	1.55344371410556	0.646833814307286	2.40161178921851	0.016323020802619	0.0535181009921934
"cel-miR-38-3p"	1717.32202830483	2.53641393482892	0.829064793444304	3.05936756075666	0.00221804833519601	0.013862802094975
"cel-miR-39-3p"	49977.7947934797	1.77048753186293	0.604108583614638	2.93074387599221	0.00338151453470449	0.0173411001779717
"cel-miR-40-3p"	9172.05119854313	1.2226482167228	0.55292151487977	2.21125093493361	0.0270184649773857	0.074023191718865
"cel-miR-40-5p"	38.5500324562733	-1.66335429812933	0.70005954312083	-2.37601831797647	0.017500593990371	0.0555574412392731
"cel-miR-42-3p"	276.296865208334	1.54194513497412	0.438087643344188	3.51971839060222	0.00043200521620046	0.0037565670973953
"cel-miR-46-3p"	14903.3971093742	-0.888075745029445	0.392865987745667	-2.26050554827965	0.0237898924760274	0.0689562100754417
"cel-miR-47-3p"	25365.5164461067	-0.944844448670176	0.384845257955328	-2.4551282083872	0.0140834349915196	0.0485635689362745
"cel-miR-4806-5p"	8.2976206063042	-2.08496522220414	0.697361862228195	-2.98978956999785	0.00279169697077954	0.0164217468869385
"cel-miR-4807"	27.0129584831255	2.06876452419865	0.618739222009863	3.34351605750584	0.000827239064208101	0.00612769677191186
"cel-miR-4808-3p"	13.0259824200671	1.99554370496865	0.698981459180178	2.85493081219806	0.00430462054127458	0.0209981489818272
"cel-miR-4937"	18.0355152891238	-1.19252182410966	0.54627637923356	-2.18300089376516	0.029035744195226	0.0764098531453316
"cel-miR-49-3p"	1474.87997541387	-1.25762296842292	0.352439804018675	-3.56833409303644	0.000359258226652293	0.00342150692049803
"cel-miR-49-5p"	90.3851590978749	-1.40529029439051	0.541683583874746	-2.59430105734098	0.0094783449938393	0.0364551730532281
"cel-miR-50-5p"	5305.54551636789	-1.62927294573102	0.417347747468262	-3.90387382132672	9.46651482827513e-05	0.00145638689665771
"cel-miR-51-3p"	56.3541737559618	-1.52721550923389	0.522948078275044	-2.92039606354696	0.00349586785611116	0.0174793392805558
"cel-miR-54-5p"	132.208280868877	-1.86054306803995	0.508870239091726	-3.65622299185898	0.000255958720666078	0.00269430232280083
"cel-miR-56-3p"	28983.4064712704	-0.756064760353041	0.343171159485971	-2.2031710400301	0.0275826956444843	0.0741988965583586
"cel-miR-57-3p"	22.6839841846573	-1.66848168571894	0.621799875447201	-2.68330977795543	0.0072897432135926	0.029754053933031
"cel-miR-59-3p"	4034.83874497025	-1.63289906933222	0.553007390500917	-2.95276174854215	0.00314944936636344	0.0170240506289916
"cel-miR-62"	171.57780430223	-1.38778520336189	0.560230398131738	-2.47716869343379	0.0132429293336341	0.0472961761915503
"cel-miR-63-5p"	570.154113922612	1.63566857652734	0.520660177405318	3.14152809742163	0.0016806868162816	0.0112045787752107
"cel-miR-65-5p"	46316.8990105126	-0.693371680236276	0.318674459225716	-2.17579934683489	0.0295702675592878	0.0768058897643838
"cel-miR-73-5p"	29.9046970922693	-1.32944209235153	0.562582043192334	-2.36310793854652	0.0181223904854232	0.0566324702669474
"cel-miR-74-5p"	46.4540743133594	-1.37836098872911	0.539559590010197	-2.55460381809369	0.0106308721807803	0.0401164987953975
"cel-miR-785"	814.564092062521	-1.19339299582441	0.535265125814061	-2.22953623965214	0.0257782468502291	0.0726147798598002
"cel-miR-787-3p"	386.212375011352	-1.03823451779842	0.412714275103818	-2.51562541067244	0.0118821395352807	0.0440079242047434
"cel-miR-788-3p"	226.849201934881	-1.91651445814248	0.470766618023713	-4.07105003788935	4.68016939451983e-05	0.000936033878903967
"cel-miR-790-5p"	1554.17754992142	-1.4006106490949	0.414814034530577	-3.37647845179562	0.000734201227964693	0.00564770175357456
"cel-miR-793"	555.982389568814	-1.0608398017334	0.496679566558266	-2.13586358924422	0.0326905341708592	0.0818587111802009
"cel-miR-795-3p"	54.209450228554	-1.57215162651559	0.577286867075003	-2.72334556038208	0.00646244228335389	0.0269268428473079
"cel-miR-795-5p"	323.506278543837	-1.08729714950771	0.387361264272859	-2.80693308751132	0.00500156296726378	0.0236343296700446
"cel-miR-79-5p"	16.1924170740613	-1.11024452281486	0.54286795293599	-2.0451465532462	0.0408404118514903	0.0996107606133909
"cel-miR-797-5p"	11.9497625565157	-1.38546332069903	0.648863733673975	-2.13521460485133	0.0327434844720804	0.0818587111802009
"cel-miR-799"	22.3602895623781	-1.98225086914363	0.522357504880912	-3.79481648223959	0.00014775270319112	0.00197003604254826
"cel-miR-800-3p"	21.2942474999512	-2.07284529914047	0.563836965942049	-3.67632032723714	0.000236622373593841	0.00262913748437602
"cel-miR-80-5p"	1012.76657555823	-1.13478861233958	0.51296900331408	-2.21219723805567	0.026953039613	0.074023191718865
"cel-miR-85-3p"	18319.1057489161	-1.29805596775413	0.470520353866905	-2.75876687817273	0.00580199082812659	0.0263726855823936
"cel-miR-86-3p"	176.217027185276	-1.39274417984825	0.575782858076539	-2.41887051743925	0.0155687809660531	0.0518959365535103
"cel-miR-86-5p"	2993.12016628653	-0.991160818951054	0.440379372583958	-2.25069764992703	0.0244046937223243	0.069727696349498
"cel-miR-90-3p"	16605.1756578893	-1.01331364097357	0.368843251263041	-2.74727445196205	0.0060092825257684	0.0267079223367485
"cel-miR-2208a-5p"	38.2811141824832	4.14152484641771	0.728429362431554	5.68555450949009	1.30388885921603e-08	1.30388885921603e-06
"cel-miR-796"	11.3002703329789	2.20173689408815	0.744339649361499	2.95797341439061	0.00309668830450921	0.0170240506289916
