"V1" "polyA<15" "UU<15" "U<15" "U>3<15" "polyA-NoU<15" "polyA<25" "UU<25" "U<25" "U>3<25" "polyA-NoU<25" "exp" "polyA>25" "UU>25" "U>25" "polyA-NoU>25" "symbol"
"ENSG00000004779" 9 4 3 0 0 3 0 0 0 0 213 37 0 0 0 "NDUFAB1"
"ENSG00000005022" 12 2 5 0 0 7 0 0 0 0 378 42 0 0 0 "SLC25A5"
"ENSG00000008018" 4 0 0 0 0 4 0 0 0 0 229 28 0 0 0 "PSMB1"
"ENSG00000008394" 8 0 2 0 0 0 0 0 0 0 285 26 0 0 2 "MGST1"
"ENSG00000008988" 23 3 0 0 0 14 0 2 0 0 977 106 3 0 0 "SNORD54"
"ENSG00000009307" 27 0 0 2 0 11 0 2 2 0 1321 45 0 0 0 "CSDE1"
"ENSG00000011426" 30 4 6 3 0 10 0 2 0 0 539 19 0 0 0 "ANLN"
"ENSG00000014641" 4 0 0 0 0 3 0 0 0 0 381 41 0 0 0 "MDH1"
"ENSG00000015479" 14 0 2 0 0 2 0 0 0 0 773 14 0 0 0 "MATR3"
"ENSG00000018510" 13 2 2 0 0 6 0 2 0 0 679 15 0 0 0 "AGPS"
"ENSG00000021826" 20 0 5 2 0 8 0 0 0 0 1434 21 0 0 0 "CPS1"
"ENSG00000023734" 13 0 2 0 0 6 0 2 0 0 364 34 0 0 0 "STRAP"
"ENSG00000026025" 74 5 18 19 2 53 2 6 2 0 1082 202 2 3 2 "VIM"
"ENSG00000029363" 13 0 0 0 0 3 0 2 0 0 673 14 0 0 0 "BCLAF1"
"ENSG00000034510" 61 0 0 0 3 24 0 0 0 0 1301 195 5 2 0 "TMSB10"
"ENSG00000041357" 20 2 2 0 0 4 0 0 0 0 396 19 0 0 0 "PSMA4"
"ENSG00000044115" 20 0 0 0 2 6 3 0 0 0 661 31 0 0 0 "CTNNA1"
"ENSG00000055044" 7 0 0 0 0 4 0 0 0 0 363 23 0 0 0 "NOP58"
"ENSG00000056097" 14 0 2 0 0 2 0 0 0 0 460 14 0 0 2 "ZFR"
"ENSG00000057608" 19 0 0 0 0 15 3 2 0 0 502 41 2 0 0 "GDI2"
"ENSG00000061676" 23 4 0 0 0 8 0 2 2 0 620 17 0 0 0 "NCKAP1"
"ENSG00000062716" 20 2 0 0 0 4 0 0 0 0 1399 18 0 0 0 "VMP1"
"ENSG00000063177" 6 0 0 0 0 5 0 0 0 0 388 40 0 0 0 "RPL18"
"ENSG00000064042" 11 0 2 0 2 7 0 2 0 0 579 20 0 0 0 "LIMCH1"
"ENSG00000065150" 28 0 4 0 0 6 0 0 0 0 859 22 0 0 0 "IPO5"
"ENSG00000065978" 11 0 0 0 0 10 2 0 0 0 691 29 3 4 0 "YBX1"
"ENSG00000066279" 24 2 0 2 0 7 0 0 0 0 1065 17 0 0 0 "ASPM"
"ENSG00000067225" 28 0 0 0 0 8 0 0 0 0 1953 64 3 3 3 "PKM"
"ENSG00000067560" 13 0 0 0 0 7 0 0 0 0 736 29 0 0 2 "RHOA"
"ENSG00000069275" 12 0 0 0 0 6 0 0 0 0 868 28 0 0 0 "NUCKS1"
"ENSG00000071082" 37 11 0 4 0 28 5 0 0 0 1310 278 2 0 2 "RPL31"
"ENSG00000072210" 9 0 3 0 0 8 0 0 0 0 419 21 0 0 0 "ALDH3A2"
"ENSG00000072274" 16 0 2 0 0 6 0 0 0 0 799 24 0 0 0 "TFRC"
"ENSG00000073578" 10 0 0 0 0 0 0 0 0 0 292 20 0 0 0 "SDHA"
"ENSG00000073712" 15 0 0 0 0 7 0 0 0 0 572 12 0 0 0 "FERMT2"
"ENSG00000074695" 21 0 3 0 0 3 0 0 0 0 861 12 0 0 0 "LMAN1"
"ENSG00000074800" 29 0 0 0 4 30 0 2 2 0 2153 60 0 0 2 "ENO1"
"ENSG00000075142" 9 0 0 2 0 9 0 0 0 0 336 33 0 0 0 "SRI"
"ENSG00000075223" 16 0 0 0 0 2 0 0 0 0 820 16 0 0 0 "SEMA3C"
"ENSG00000075415" 15 0 0 0 0 12 2 0 0 0 614 53 0 0 2 "SLC25A3"
"ENSG00000075624" 25 0 0 0 0 11 0 0 0 0 1948 32 0 0 0 "ACTB"
"ENSG00000077147" 13 0 2 2 0 6 0 0 0 0 524 11 0 0 0 "TM9SF3"
"ENSG00000079246" 28 2 0 0 0 16 2 0 0 2 1283 70 0 0 0 "XRCC5"
"ENSG00000080824" 33 0 0 4 0 21 2 3 0 0 1623 64 5 0 0 "HSP90AA1"
"ENSG00000082153" 18 0 0 0 0 2 0 0 0 0 796 23 3 0 0 "BZW1"
"ENSG00000082898" 29 4 2 0 3 9 0 0 0 0 777 17 0 0 0 "XPO1"
"ENSG00000083312" 26 0 2 0 0 7 0 0 0 0 1565 39 0 0 0 "TNPO1"
"ENSG00000083845" 9 0 0 0 0 11 0 3 0 0 413 56 0 0 0 "RPS5"
"ENSG00000083857" 17 2 0 0 0 3 0 0 0 0 545 11 0 0 0 "FAT1"
"ENSG00000084073" 6 0 0 0 0 9 0 0 0 0 332 17 0 0 0 "ZMPSTE24"
"ENSG00000084207" 2 0 0 0 0 9 0 2 0 0 282 37 0 0 0 "GSTP1"
"ENSG00000085063" 9 0 0 0 0 8 0 0 0 0 1110 55 0 0 0 "CD59"
"ENSG00000085231" 9 0 4 0 0 9 0 0 0 0 236 23 0 0 0 "TAF9"
"ENSG00000086061" 38 5 13 0 2 11 0 0 0 0 884 55 2 0 0 "DNAJA1"
"ENSG00000087086" 42 0 0 0 0 28 0 0 0 0 1835 184 10 5 5 "FTL"
"ENSG00000087302" 10 2 0 0 0 0 0 0 0 0 285 24 0 0 0 "C14orf166"
"ENSG00000087460" 5 0 0 0 0 0 0 0 0 0 450 36 0 0 0 "GNAS"
"ENSG00000089009" 9 0 0 0 0 4 0 0 0 0 946 86 0 0 0 "RPL6"
"ENSG00000089157" 12 0 0 0 2 4 0 0 0 0 795 42 0 0 0 "RPLP0"
"ENSG00000092199" 17 2 0 0 2 8 0 0 0 0 640 20 0 0 0 "HNRNPC"
"ENSG00000092621" 4 0 0 2 0 4 0 0 0 0 154 26 0 0 0 "PHGDH"
"ENSG00000092841" 25 0 0 0 2 26 3 2 0 0 688 87 3 0 0 "MYL6"
"ENSG00000096384" 17 0 3 0 0 7 0 0 0 0 765 15 0 0 0 "HSP90AB1"
"ENSG00000099194" 13 0 0 0 0 4 0 0 0 0 542 21 0 0 0 "SCD"
"ENSG00000099901" 12 0 0 0 0 3 0 0 0 0 284 42 0 0 0 "RANBP1"
"ENSG00000100097" 17 0 0 0 0 9 0 0 0 0 300 67 2 0 0 "LGALS1"
"ENSG00000100129" 9 0 0 0 0 5 0 0 0 0 427 16 0 0 0 "EIF3L"
"ENSG00000100138" 9 3 0 0 0 10 3 0 0 0 230 31 0 0 0 "NHP2L1"
"ENSG00000100201" 7 0 0 0 0 5 0 0 0 0 697 20 0 0 0 "DDX17"
"ENSG00000100567" 3 0 0 0 0 7 0 0 0 0 223 21 0 0 0 "PSMA3"
"ENSG00000100644" 42 5 4 2 0 18 4 0 0 0 1383 34 0 0 0 "HIF1A"
"ENSG00000101132" 6 0 0 0 0 3 0 0 0 0 156 21 0 0 0 "PFDN4"
"ENSG00000101166" 15 0 3 0 0 6 0 0 0 0 511 19 0 0 0 "SLMO2"
"ENSG00000101182" 34 2 0 2 0 25 4 4 0 0 654 62 0 0 0 "PSMA7"
"ENSG00000101558" 11 0 2 0 0 4 0 0 0 0 407 25 0 0 0 "VAPA"
"ENSG00000101608" 10 0 0 0 0 0 0 0 0 0 318 26 0 0 0 "MYL12A"
"ENSG00000101972" 12 2 0 0 2 2 0 0 0 0 682 26 0 0 0 "STAG2"
"ENSG00000102024" 28 2 0 0 0 5 0 0 0 0 1536 49 0 2 3 "PLS3"
"ENSG00000102144" 19 0 0 0 0 10 0 0 0 0 1042 19 0 0 0 "PGK1"
"ENSG00000102317" 6 0 0 0 0 3 0 0 0 0 364 38 0 0 0 "RBM3"
"ENSG00000103035" 7 0 0 0 0 9 0 3 0 0 217 19 0 0 2 "PSMD7"
"ENSG00000104408" 23 4 0 2 0 10 0 2 0 0 754 54 0 0 0 "EIF3E"
"ENSG00000104738" 7 0 0 0 0 7 0 5 0 0 369 17 0 0 0 "MCM4"
"ENSG00000105185" 11 0 3 0 0 11 3 0 0 0 248 71 2 0 0 "PDCD5"
"ENSG00000105193" 15 2 0 0 0 16 3 0 0 0 430 66 0 0 2 "RPS16"
"ENSG00000105372" 16 0 0 0 0 10 0 0 0 0 512 78 0 0 0 "RPS19"
"ENSG00000105854" 9 4 0 2 0 7 0 0 0 0 404 18 0 0 0 "PON2"
"ENSG00000105976" 15 0 0 0 0 7 0 0 0 0 576 9 0 0 2 "MET"
"ENSG00000106028" 8 0 0 0 0 2 0 0 0 0 210 42 0 0 0 "SSBP1"
"ENSG00000106105" 7 0 3 0 0 0 0 0 0 0 212 26 0 0 0 "GARS"
"ENSG00000106153" 6 0 0 0 0 5 0 0 0 0 228 33 0 0 0 "CHCHD2"
"ENSG00000106554" 7 0 0 0 0 9 0 0 2 0 241 29 0 0 0 "CHCHD3"
"ENSG00000108294" 5 0 0 0 0 11 0 0 0 0 389 68 0 0 0 "PSMB3"
"ENSG00000108298" 31 2 2 0 0 13 3 0 0 0 1335 253 9 2 2 "RPL19"
"ENSG00000108424" 19 0 2 2 2 7 0 0 0 0 689 30 0 0 0 "KPNB1"
"ENSG00000108518" 9 0 0 0 0 2 0 0 0 0 488 44 0 0 0 "PFN1"
"ENSG00000108561" 7 0 2 0 0 12 0 2 2 0 500 41 0 0 0 "C1QBP"
"ENSG00000108654" 19 2 5 2 0 12 0 0 0 3 716 26 0 0 0 "DDX5"
"ENSG00000108953" 9 0 0 0 0 3 0 0 0 0 740 55 3 0 0 "YWHAE"
"ENSG00000109475" 19 0 0 0 2 6 0 3 0 0 494 100 0 0 0 "RPL34"
"ENSG00000109861" 8 0 0 0 0 6 3 2 0 0 571 32 0 0 0 "CTSC"
"ENSG00000109971" 31 2 2 0 0 6 2 0 0 0 2196 30 0 0 0 "HSPA8"
"ENSG00000110321" 23 0 3 3 0 20 0 2 3 0 1396 33 0 0 0 "EIF4G2"
"ENSG00000110700" 31 2 0 0 0 21 4 2 0 0 1263 202 4 0 0 "RPS13"
"ENSG00000110955" 9 0 2 0 0 14 0 0 0 0 788 69 2 0 0 "ATP5B"
"ENSG00000111371" 17 0 0 2 0 5 0 0 0 0 1144 23 0 0 0 "SLC38A1"
"ENSG00000111639" 4 0 0 0 0 3 0 2 0 0 252 49 0 0 0 "MRPL51"
"ENSG00000111640" 24 0 0 0 0 11 0 2 0 0 2690 21 0 0 2 "GAPDH"
"ENSG00000111669" 8 0 0 0 0 8 0 0 0 0 508 15 0 0 0 "TPI1"
"ENSG00000111716" 53 0 0 0 0 28 3 3 3 0 1601 137 5 0 3 "LDHB"
"ENSG00000111843" 12 2 0 0 0 10 0 0 0 0 334 28 2 0 0 "TMEM14C"
"ENSG00000112081" 12 0 0 0 0 12 0 2 0 0 655 33 2 0 0 "SRSF3"
"ENSG00000112110" 3 0 0 0 0 4 0 0 0 0 144 39 0 0 0 "MRPL18"
"ENSG00000112245" 29 2 4 0 0 9 0 0 0 0 1136 20 0 0 0 "PTP4A1"
"ENSG00000112306" 17 0 0 0 0 5 0 0 0 0 714 62 2 0 3 "RPS12"
"ENSG00000112695" 13 0 0 0 0 5 0 0 0 0 329 37 0 0 0 "COX7A2"
"ENSG00000112996" 17 4 3 2 0 6 0 0 0 0 509 26 0 0 0 "MRPS30"
"ENSG00000113013" 52 0 10 12 0 12 0 0 4 0 1099 76 4 3 0 "HSPA9"
"ENSG00000113369" 15 0 0 0 0 6 0 0 0 0 640 11 0 0 0 "ARRDC3"
"ENSG00000113384" 21 0 6 0 0 11 2 0 0 0 611 14 0 0 0 "GOLPH3"
"ENSG00000113387" 24 2 3 0 0 22 4 6 0 0 1124 99 3 0 0 "SUB1"
"ENSG00000113407" 37 6 5 0 3 13 0 3 3 0 1607 57 2 0 0 "TARS"
"ENSG00000113448" 21 3 3 2 0 8 0 3 0 0 1067 14 0 0 0 "PDE4D"
"ENSG00000113460" 25 8 5 0 0 13 0 0 0 0 579 29 0 0 0 "BRIX1"
"ENSG00000113558" 4 0 0 0 0 8 0 0 0 0 285 25 0 0 0 "SKP1"
"ENSG00000113569" 20 0 4 0 0 6 0 0 0 0 961 25 0 0 2 "NUP155"
"ENSG00000113580" 28 6 3 3 0 0 0 0 0 0 582 9 0 0 0 "NR3C1"
"ENSG00000114251" 21 0 3 0 0 3 0 0 0 0 582 17 0 0 0 "WNT5A"
"ENSG00000114391" 29 0 0 3 4 11 0 0 0 0 845 88 2 0 0 "RPL24"
"ENSG00000114686" 4 0 0 0 0 9 3 0 0 0 386 21 3 0 0 "MRPL3"
"ENSG00000114850" 10 0 0 0 0 4 0 2 0 0 601 18 0 0 0 "SSR3"
"ENSG00000115053" 8 0 0 0 0 11 0 2 0 0 475 18 0 0 0 "NCL"
"ENSG00000115091" 21 0 2 0 0 10 2 4 0 0 724 31 0 0 0 "ACTR3"
"ENSG00000115128" 11 0 0 0 0 6 0 0 0 0 317 42 0 0 0 "SF3B6"
"ENSG00000115306" 15 0 0 0 0 9 0 0 0 0 592 13 0 0 0 "SPTBN1"
"ENSG00000115310" 11 0 0 0 0 5 0 0 0 0 382 28 0 0 5 "RTN4"
"ENSG00000115524" 14 0 0 0 0 12 0 0 0 0 1025 17 0 0 0 "SF3B1"
"ENSG00000115541" 35 3 10 2 0 29 2 2 2 0 549 121 0 0 0 "HSPE1"
"ENSG00000115758" 19 3 0 4 0 15 3 0 3 0 615 37 2 0 0 "ODC1"
"ENSG00000115919" 14 0 2 0 0 5 0 0 0 0 387 19 0 0 0 "KYNU"
"ENSG00000116044" 19 0 6 0 0 3 2 0 0 0 234 12 0 0 0 "NFE2L2"
"ENSG00000116161" 12 0 5 0 0 6 0 0 0 0 233 15 0 0 0 "CACYBP"
"ENSG00000116209" 6 0 0 0 0 7 0 0 0 0 497 44 0 0 2 "TMEM59"
"ENSG00000116251" 10 0 0 0 0 9 0 2 0 0 655 114 0 0 0 "RPL22"
"ENSG00000116288" 11 0 0 0 0 8 0 0 0 0 298 40 0 0 0 "PARK7"
"ENSG00000116459" 7 0 0 0 0 5 0 0 0 0 490 33 3 0 2 "ATP5F1"
"ENSG00000116560" 18 0 2 0 0 4 0 0 0 0 399 20 0 0 0 "SFPQ"
"ENSG00000116898" 2 0 0 0 0 4 0 0 0 0 135 31 0 0 0 "MRPS15"
"ENSG00000117118" 5 0 0 0 0 3 2 0 0 0 356 31 0 0 0 "SDHB"
"ENSG00000117318" 26 7 2 0 0 28 4 0 0 0 641 23 0 0 0 "ID3"
"ENSG00000117395" 6 0 0 0 0 5 0 0 0 0 224 63 0 0 0 "EBNA1BP2"
"ENSG00000117450" 50 2 4 0 2 25 2 0 2 0 1577 108 3 0 3 "PRDX1"
"ENSG00000117632" 12 0 0 0 0 5 0 0 0 0 553 32 0 0 0 "STMN1"
"ENSG00000117724" 16 0 0 0 0 6 0 0 2 0 951 19 0 0 0 "CENPF"
"ENSG00000118515" 16 2 3 0 0 7 0 0 0 0 771 15 0 0 0 "SGK1"
"ENSG00000118680" 3 0 0 0 0 4 0 0 0 0 405 25 0 0 0 "MYL12B"
"ENSG00000118705" 9 0 0 0 0 4 2 0 0 0 620 20 0 0 0 "RPN2"
"ENSG00000119013" 5 0 0 0 0 3 0 0 0 0 280 23 0 0 0 "NDUFB3"
"ENSG00000119335" 34 4 0 2 2 31 2 5 2 0 1599 92 2 0 0 "SET"
"ENSG00000119705" 4 0 0 0 0 11 2 0 0 0 321 85 0 0 0 "SLIRP"
"ENSG00000120708" 34 0 0 0 6 6 0 0 0 0 1966 66 3 0 4 "TGFBI"
"ENSG00000120802" 14 3 0 0 0 12 0 0 0 0 797 19 0 0 0 "TMPO"
"ENSG00000120885" 14 0 0 0 0 12 0 0 0 0 1033 87 0 0 0 "CLU"
"ENSG00000120992" 5 0 0 0 0 8 0 2 0 0 437 22 0 0 0 "LYPLA1"
"ENSG00000122026" 6 0 0 0 0 3 0 0 0 0 240 72 0 0 0 "RPL21"
"ENSG00000122406" 22 5 0 0 0 34 4 4 0 0 1106 234 3 2 2 "RPL5"
"ENSG00000122565" 11 2 0 0 0 10 0 0 0 0 476 31 0 0 0 "CBX3"
"ENSG00000122566" 15 0 2 0 0 2 0 0 0 0 641 22 0 0 0 "HNRNPA2B1"
"ENSG00000122705" 12 0 2 0 0 15 0 2 2 0 318 25 0 0 0 "CLTA"
"ENSG00000123080" 7 0 3 2 0 5 2 0 0 0 283 26 0 0 0 "CDKN2C"
"ENSG00000123562" 16 2 0 0 0 3 0 0 0 0 840 17 0 0 0 "MORF4L2"
"ENSG00000124172" 21 0 0 0 0 6 0 0 0 0 595 168 3 0 0 "ATP5E"
"ENSG00000124207" 17 2 0 0 2 5 0 0 0 0 1043 26 0 0 0 "CSE1L"
"ENSG00000124529" 23 0 0 0 0 5 0 0 0 0 2247 14 0 0 0 "HIST4H4"
"ENSG00000124635" 24 0 0 0 0 4 0 0 0 0 2163 17 0 0 0 "HIST1H2BJ"
"ENSG00000124693" 31 0 0 0 0 8 0 0 0 0 2974 28 0 0 0 "HIST1H3A"
"ENSG00000124767" 8 0 2 0 0 6 2 0 0 0 380 23 2 0 0 "GLO1"
"ENSG00000124795" 25 3 3 0 0 5 0 0 0 0 777 25 0 0 0 "DEK"
"ENSG00000125304" 10 0 0 0 0 4 0 0 0 0 524 24 0 0 0 "TM9SF2"
"ENSG00000125691" 53 4 6 0 0 34 0 0 0 0 1707 448 6 0 0 "SNORA21"
"ENSG00000125743" 20 0 0 0 0 12 0 0 0 0 262 50 2 0 0 "SNRPD2"
"ENSG00000125868" 14 0 0 0 0 7 0 0 0 0 620 51 2 0 0 "DSTN"
"ENSG00000125944" 12 0 5 0 0 8 2 0 0 0 512 25 0 0 0 "HNRNPR"
"ENSG00000126524" 10 0 3 0 0 4 0 0 0 0 248 19 0 0 0 "SBDS"
"ENSG00000126777" 23 0 0 0 0 12 0 3 2 0 873 32 0 2 0 "KTN1"
"ENSG00000127022" 32 0 2 0 2 8 0 0 2 0 1954 21 0 0 0 "CANX"
"ENSG00000127184" 14 0 0 0 0 29 0 0 0 3 687 153 4 0 0 "COX7C"
"ENSG00000127540" 0 0 0 0 0 0 0 0 0 0 59 36 0 0 0 "UQCR11"
"ENSG00000127920" 5 0 0 0 0 4 0 0 0 0 257 31 2 0 0 "GNG11"
"ENSG00000127922" 12 0 0 0 0 0 0 0 0 0 154 19 0 0 0 "C7orf76"
"ENSG00000128050" 16 0 7 0 0 3 0 0 0 0 551 34 0 0 0 "PAICS"
"ENSG00000128463" 4 0 0 0 0 5 0 0 2 0 281 87 3 0 2 "EMC4"
"ENSG00000128595" 11 0 0 0 0 5 0 0 0 0 642 19 0 0 0 "CALU"
"ENSG00000128951" 12 0 0 0 0 5 2 0 0 0 457 44 0 0 0 "DUT"
"ENSG00000129116" 9 0 2 0 0 7 0 0 0 0 328 15 0 0 0 "PALLD"
"ENSG00000129128" 8 0 0 0 0 8 0 0 0 0 558 22 0 0 3 "SPCS3"
"ENSG00000129235" 0 0 0 0 0 7 0 0 0 0 194 33 0 0 0 "TXNDC17"
"ENSG00000129562" 11 0 0 0 0 8 2 0 0 0 271 40 2 0 0 "DAD1"
"ENSG00000130032" 0 0 0 0 0 0 0 0 0 0 114 77 0 0 0 "PRRG3"
"ENSG00000130255" 11 0 2 0 0 10 0 0 0 0 379 95 2 0 0 "RPL36"
"ENSG00000130741" 10 0 0 0 0 2 0 0 0 0 735 27 0 0 0 "EIF2S3"
"ENSG00000130770" 2 0 0 0 0 2 0 0 0 0 172 30 0 0 0 "ATPIF1"
"ENSG00000131051" 16 0 0 0 2 14 0 0 2 0 652 14 0 0 0 "RBM39"
"ENSG00000131143" 5 0 0 0 0 6 0 0 0 0 207 37 0 0 0 "COX4I1"
"ENSG00000131174" 7 0 0 0 0 11 0 0 0 0 404 49 0 0 0 "COX7B"
"ENSG00000131236" 10 0 0 0 0 6 0 0 0 0 346 21 0 0 0 "CAP1"
"ENSG00000131469" 20 0 0 0 0 3 0 0 0 0 662 42 0 0 2 "RPL27"
"ENSG00000131473" 21 5 0 2 0 12 0 3 2 0 714 22 0 0 0 "ACLY"
"ENSG00000131747" 40 2 7 5 2 10 0 2 0 0 1191 13 0 0 0 "TOP2A"
"ENSG00000132341" 23 0 5 0 0 35 3 3 0 0 1230 65 0 0 0 "RAN"
"ENSG00000132356" 19 0 0 0 0 5 0 0 0 0 822 16 0 0 0 "PRKAA1"
"ENSG00000132475" 11 3 0 0 0 5 0 0 0 0 432 22 0 0 0 "H3F3B"
"ENSG00000132640" 31 3 4 0 0 9 2 0 0 0 1278 20 0 0 0 "BTBD3"
"ENSG00000132646" 14 0 2 2 0 9 0 0 0 0 504 19 0 0 0 "PCNA"
"ENSG00000132963" 4 0 0 0 0 5 0 0 0 0 253 25 0 0 0 "POMP"
"ENSG00000133112" 34 3 4 2 0 16 2 0 0 0 845 106 6 0 0 "TPT1"
"ENSG00000133302" 29 5 2 0 0 5 0 0 0 0 785 17 0 0 0 "ANKRD32"
"ENSG00000133706" 9 0 2 0 0 5 0 0 0 0 435 28 0 0 0 "LARS"
"ENSG00000133872" 8 0 0 0 0 4 0 0 0 0 300 35 0 0 0 "SARAF"
"ENSG00000134046" 10 0 0 0 0 15 5 0 2 0 258 15 0 0 0 "MBD2"
"ENSG00000134057" 32 2 3 6 0 20 3 0 0 0 722 42 0 0 0 "CCNB1"
"ENSG00000134294" 72 10 14 3 2 20 3 3 0 0 2310 44 0 0 0 "SLC38A2"
"ENSG00000134308" 12 0 0 0 0 4 0 0 0 0 664 28 0 0 0 "YWHAQ"
"ENSG00000134333" 20 0 0 0 0 11 0 0 0 0 1537 68 3 3 0 "LDHA"
"ENSG00000134352" 11 0 0 0 0 10 0 0 0 0 981 20 2 0 0 "IL6ST"
"ENSG00000134419" 9 0 0 0 0 0 0 0 0 0 257 62 3 0 0 "RPS15A"
"ENSG00000134440" 10 2 3 2 0 3 0 0 2 0 372 18 0 0 0 "NARS"
"ENSG00000134970" 17 0 0 0 0 0 0 0 0 0 660 14 0 0 0 "TMED7"
"ENSG00000135046" 13 3 2 0 3 6 0 0 0 0 706 40 2 0 0 "ANXA1"
"ENSG00000135316" 9 0 0 0 0 5 2 0 0 0 589 18 0 2 0 "SYNCRIP"
"ENSG00000135387" 13 0 0 2 0 0 0 0 0 0 689 18 0 0 0 "CAPRIN1"
"ENSG00000135480" 9 0 0 0 0 8 0 0 0 0 435 27 0 0 0 "KRT7"
"ENSG00000135486" 10 0 0 0 0 0 0 0 0 0 365 33 0 0 2 "HNRNPA1"
"ENSG00000136026" 4 0 0 0 0 0 0 0 0 0 128 30 0 0 0 "CKAP4"
"ENSG00000136238" 5 0 0 0 0 5 0 0 0 0 197 20 0 2 0 "RAC1"
"ENSG00000136450" 9 0 0 0 0 5 0 0 0 0 702 20 0 0 0 "SRSF1"
"ENSG00000136521" 6 0 0 0 0 13 4 0 0 0 309 25 0 0 0 "NDUFB5"
"ENSG00000136527" 20 0 0 2 0 3 0 0 0 0 406 25 0 0 0 "TRA2B"
"ENSG00000136628" 19 0 4 0 0 8 0 0 0 0 676 26 0 0 0 "EPRS"
"ENSG00000136758" 12 0 0 0 0 4 0 0 0 0 379 19 2 0 0 "YME1L1"
"ENSG00000136810" 33 0 0 0 0 17 2 0 0 0 1178 100 0 0 0 "TXN"
"ENSG00000136888" 11 0 0 0 0 3 0 0 0 0 197 24 0 0 2 "ATP6V1G1"
"ENSG00000136930" 4 0 0 0 0 2 0 0 0 0 218 36 0 0 0 "PSMB7"
"ENSG00000136942" 13 0 0 0 0 12 0 0 0 0 727 258 5 0 3 "RPL35"
"ENSG00000136997" 23 0 0 0 0 10 2 0 0 0 722 26 0 0 0 "MYC"
"ENSG00000137154" 137 3 0 0 16 46 5 0 0 0 4213 537 14 2 4 "RPS6"
"ENSG00000137210" 4 0 0 0 0 3 0 0 0 0 241 23 4 0 0 "TMEM14B"
"ENSG00000137710" 11 3 0 0 0 7 0 0 0 0 687 12 0 0 0 "RDX"
"ENSG00000137804" 9 0 2 0 0 0 0 0 0 0 496 26 0 0 0 "NUSAP1"
"ENSG00000137818" 24 0 0 0 0 9 0 0 0 0 851 267 3 0 0 "RPLP1"
"ENSG00000137876" 12 0 6 0 0 2 0 0 0 0 316 21 0 0 0 "RSL24D1"
"ENSG00000138119" 10 0 0 0 2 5 0 0 0 0 298 16 0 0 0 "MYOF"
"ENSG00000138293" 11 0 0 0 0 4 0 0 0 0 451 26 0 0 0 "NCOA4"
"ENSG00000138326" 21 3 0 0 0 11 2 0 0 0 1092 302 4 0 5 "RPS24"
"ENSG00000138434" 15 0 0 0 0 5 0 2 0 0 1030 15 0 0 0 "SSFA2"
"ENSG00000138448" 27 3 2 0 0 9 0 2 0 0 1679 18 0 0 0 "ITGAV"
"ENSG00000138777" 5 0 0 0 0 5 2 0 0 0 263 25 0 0 2 "PPA2"
"ENSG00000138778" 22 0 9 0 0 2 0 0 0 0 330 10 0 0 0 "CENPE"
"ENSG00000139644" 8 0 0 0 0 7 0 0 0 0 787 55 0 0 0 "TMBIM6"
"ENSG00000139684" 3 0 0 0 0 0 0 0 0 0 222 50 0 0 0 "ESD"
"ENSG00000140307" 11 0 3 0 0 6 0 2 0 0 275 28 0 0 0 "GTF2A2"
"ENSG00000140319" 9 0 0 0 0 0 0 0 0 0 426 26 0 0 0 "SRP14"
"ENSG00000140374" 3 0 2 0 0 8 2 2 0 0 242 22 0 0 0 "ETFA"
"ENSG00000140391" 10 0 0 0 0 4 0 0 0 2 337 38 0 0 2 "TSPAN3"
"ENSG00000140575" 13 0 0 0 0 5 0 0 0 0 835 30 0 0 0 "IQGAP1"
"ENSG00000140988" 5 0 0 0 0 2 0 0 0 0 380 44 0 0 2 "RPS2"
"ENSG00000140990" 5 0 0 0 0 6 0 0 0 0 119 25 0 0 0 "NDUFB10"
"ENSG00000141030" 9 0 0 0 0 8 3 2 0 0 328 18 0 0 0 "COPS3"
"ENSG00000141367" 35 2 7 3 0 22 3 6 0 0 1309 38 0 0 0 "CLTC"
"ENSG00000141429" 14 3 3 0 0 8 0 0 0 0 709 14 0 0 0 "GALNT1"
"ENSG00000141543" 9 0 3 0 0 3 0 0 0 0 190 18 0 0 0 "EIF4A3"
"ENSG00000142168" 5 0 0 0 0 8 0 0 0 0 325 53 2 0 2 "SOD1"
"ENSG00000142534" 31 2 0 0 0 14 0 0 0 0 663 70 0 0 2 "RPS11"
"ENSG00000142541" 15 0 0 0 0 18 0 0 0 0 741 115 0 0 0 "RPL13A"
"ENSG00000142676" 12 0 0 0 0 6 2 0 0 0 518 43 0 0 0 "RPL11"
"ENSG00000142864" 13 0 0 0 0 11 0 2 0 0 880 24 0 0 2 "SERBP1"
"ENSG00000142937" 26 0 0 0 0 10 0 0 2 0 731 28 0 0 0 "RPS8"
"ENSG00000143013" 12 0 6 0 0 8 0 3 0 2 174 18 0 0 0 "LMO4"
"ENSG00000143106" 6 2 0 0 0 2 0 0 0 0 319 36 0 0 0 "PSMA5"
"ENSG00000143321" 16 0 0 2 0 9 0 3 0 0 491 29 4 0 0 "HDGF"
"ENSG00000143612" 9 0 0 0 0 10 0 3 0 0 334 29 0 0 0 "C1orf43"
"ENSG00000143761" 14 2 5 0 0 19 0 3 0 0 336 32 0 0 0 "ARF1"
"ENSG00000143933" 34 6 3 0 0 4 0 0 0 0 809 45 0 0 0 "CALM2"
"ENSG00000143947" 11 0 0 0 0 6 0 0 0 0 776 128 4 2 0 "RPS27A"
"ENSG00000144381" 33 2 0 0 0 11 0 2 0 0 1144 25 0 0 0 "HSPD1"
"ENSG00000144476" 14 0 7 0 0 8 0 0 0 0 329 20 0 0 0 "ACKR3"
"ENSG00000144713" 19 0 0 0 0 8 0 0 0 0 966 81 0 0 2 "RPL32"
"ENSG00000145425" 12 0 0 0 0 6 2 0 0 0 559 106 7 0 0 "RPS3A"
"ENSG00000145494" 9 0 0 0 0 2 0 0 0 0 182 49 2 0 0 "NDUFS6"
"ENSG00000145495" 20 0 7 2 0 8 0 0 0 0 616 12 0 0 0 "MARCH6"
"ENSG00000145592" 44 0 0 0 0 63 6 0 0 0 2931 400 5 3 3 "RPL37"
"ENSG00000145741" 25 2 0 3 0 3 0 0 0 0 444 44 0 0 0 "BTF3"
"ENSG00000145907" 14 0 0 0 0 6 0 0 0 0 843 14 0 0 0 "G3BP1"
"ENSG00000146278" 33 4 3 0 0 18 0 0 0 0 363 5 0 0 0 "PNRC1"
"ENSG00000146677" 8 0 0 0 0 3 0 0 0 0 254 59 0 0 0 NA
"ENSG00000146731" 20 0 5 2 0 10 0 2 0 0 803 38 3 0 0 "CCT6A"
"ENSG00000147123" 0 0 0 0 0 5 0 0 0 0 153 39 0 0 0 "NDUFB11"
"ENSG00000147274" 9 0 0 0 0 8 0 2 0 0 412 13 0 0 0 "RBMX"
"ENSG00000147604" 13 0 0 0 0 5 0 0 0 0 894 80 0 0 0 "RPL7"
"ENSG00000147677" 10 0 0 0 0 0 0 0 0 0 277 22 0 0 0 "EIF3H"
"ENSG00000147889" 9 0 0 0 0 6 0 0 0 0 389 36 0 0 0 "CDKN2A"
"ENSG00000148175" 12 0 0 0 0 3 0 0 0 0 483 21 0 0 0 "STOM"
"ENSG00000148303" 43 2 0 2 0 14 2 2 0 0 1473 241 5 0 5 "RPL7A"
"ENSG00000148943" 14 3 0 0 0 5 0 0 0 0 604 15 0 0 0 "LIN7C"
"ENSG00000149273" 15 2 2 0 0 16 0 0 0 0 1027 152 0 0 4 "RPS3"
"ENSG00000149806" 11 0 0 0 0 2 0 0 0 0 165 54 0 0 0 "FAU"
"ENSG00000150753" 20 0 0 0 0 5 0 0 0 0 1604 13 0 0 0 "CCT5"
"ENSG00000150991" 19 2 0 2 0 8 0 0 0 0 1049 37 0 0 0 "UBC"
"ENSG00000151012" 15 0 0 0 0 0 0 0 0 0 1085 16 0 0 0 "SLC7A11"
"ENSG00000151632" 22 0 3 0 0 23 5 3 0 0 952 116 7 0 0 "AKR1C2"
"ENSG00000151914" 20 0 0 2 0 5 0 0 0 0 851 9 0 0 0 "DST"
"ENSG00000152234" 10 0 0 0 0 10 3 0 0 0 708 22 0 0 0 "ATP5A1"
"ENSG00000152952" 16 0 2 0 0 5 0 0 0 0 650 24 0 0 0 "PLOD2"
"ENSG00000153113" 20 0 0 0 2 6 0 0 0 0 675 7 0 0 0 "CAST"
"ENSG00000153187" 20 2 0 0 0 9 0 0 2 0 705 28 3 0 0 "HNRNPU"
"ENSG00000153250" 18 2 4 0 0 4 0 0 0 0 285 16 0 0 0 "RBMS1"
"ENSG00000154122" 9 0 0 2 0 8 0 0 0 0 197 14 0 0 0 "ANKH"
"ENSG00000154473" 10 0 0 0 0 8 0 0 0 0 527 15 0 0 0 "BUB3"
"ENSG00000154518" 9 0 0 0 0 9 0 2 0 0 350 52 0 0 0 "ATP5G3"
"ENSG00000154582" 9 0 3 0 0 7 0 0 0 0 167 23 0 0 0 "TCEB1"
"ENSG00000155130" 9 0 0 4 0 0 0 0 0 0 287 26 0 0 0 "MARCKS"
"ENSG00000155380" 15 0 3 0 0 2 0 0 0 0 580 48 3 0 0 "SLC16A1"
"ENSG00000155959" 4 0 0 0 0 4 0 2 0 0 374 22 2 0 0 "VBP1"
"ENSG00000156467" 10 0 0 0 0 8 0 0 0 0 294 68 2 0 0 "UQCRB"
"ENSG00000156508" 24 0 0 0 0 12 0 0 0 0 1979 70 0 0 0 "EEF1A1"
"ENSG00000158406" 21 0 0 0 0 4 0 0 0 0 2407 17 0 0 0 "HIST1H4H"
"ENSG00000159377" 10 0 0 0 0 9 0 2 0 0 253 44 0 0 0 "PSMB4"
"ENSG00000161016" 16 0 0 0 0 14 0 2 0 0 612 114 3 0 0 "RPL8"
"ENSG00000161057" 8 3 0 0 0 9 0 0 0 0 329 28 0 0 0 "PSMC2"
"ENSG00000161970" 3 0 0 0 0 7 0 0 0 0 547 265 4 0 0 "RPL26"
"ENSG00000162607" 14 2 0 0 0 6 0 0 0 0 405 10 0 0 0 "USP1"
"ENSG00000162704" 13 0 0 0 2 5 0 0 0 0 582 33 2 0 2 "ARPC5"
"ENSG00000162961" 4 4 0 0 0 8 0 0 0 0 116 20 0 0 0 "DPY30"
"ENSG00000163170" 2 0 0 0 0 3 2 0 0 0 121 28 0 0 0 "BOLA3"
"ENSG00000163453" 10 0 0 0 0 2 0 0 0 0 525 20 0 0 0 "IGFBP7"
"ENSG00000163466" 7 0 0 0 0 7 0 2 0 0 227 21 0 0 0 "ARPC2"
"ENSG00000163468" 12 0 0 4 0 4 0 0 0 0 679 15 0 0 0 "CCT3"
"ENSG00000163527" 13 0 0 0 3 5 0 0 0 0 856 18 0 0 0 "STT3B"
"ENSG00000163682" 16 0 0 0 0 16 0 2 2 0 1020 194 9 0 0 "RPL9"
"ENSG00000163931" 12 0 0 0 0 3 0 0 0 0 773 17 0 0 2 "TKT"
"ENSG00000164032" 11 0 0 0 0 12 0 0 0 0 1264 44 0 0 2 "H2AFZ"
"ENSG00000164104" 17 0 2 0 0 4 0 0 0 0 268 15 0 0 0 "HMGB2"
"ENSG00000164111" 29 0 2 0 0 5 0 0 0 0 660 50 0 0 0 "ANXA5"
"ENSG00000164176" 15 0 0 0 0 5 0 0 0 0 1164 14 0 0 0 "EDIL3"
"ENSG00000164258" 2 0 0 0 0 10 0 0 0 0 173 21 0 0 0 "NDUFS4"
"ENSG00000164346" 6 0 0 0 3 8 2 3 0 0 148 31 0 0 0 "NSA2"
"ENSG00000164405" 24 0 0 0 0 12 0 0 0 0 618 221 2 2 5 "UQCRQ"
"ENSG00000164587" 20 0 0 0 2 16 4 0 0 0 1143 153 0 0 3 "RPS14"
"ENSG00000164919" 10 0 0 0 0 0 0 0 0 0 190 30 0 0 0 "COX6C"
"ENSG00000164924" 10 0 0 0 0 3 0 0 0 0 754 22 3 0 0 "YWHAZ"
"ENSG00000165119" 20 0 3 0 0 11 0 3 0 0 737 24 0 0 2 "HNRNPK"
"ENSG00000165264" 7 0 0 0 2 5 0 0 0 0 323 23 0 0 0 "NDUFB6"
"ENSG00000165280" 18 0 0 0 0 7 0 0 0 0 584 30 0 0 0 "VCP"
"ENSG00000165629" 9 0 0 0 0 0 0 0 0 0 398 30 0 0 0 "ATP5C1"
"ENSG00000165678" 8 0 0 0 0 3 0 0 0 0 383 31 0 0 0 "GHITM"
"ENSG00000166226" 18 4 2 0 0 2 0 0 0 0 603 33 0 0 0 "CCT2"
"ENSG00000166441" 16 0 0 0 0 5 0 0 0 0 423 45 0 0 0 "RPL27A"
"ENSG00000166598" 22 0 0 2 0 2 0 0 0 0 830 20 0 0 2 "HSP90B1"
"ENSG00000166710" 38 0 2 0 3 16 2 0 0 0 3299 228 4 0 7 "B2M"
"ENSG00000166803" 7 0 0 0 0 6 0 0 0 0 358 17 0 0 0 "KIAA0101"
"ENSG00000166913" 4 0 0 0 0 4 0 0 0 0 481 25 2 2 0 "YWHAB"
"ENSG00000167325" 10 0 0 2 0 6 0 2 0 0 624 16 0 0 0 "RRM1"
"ENSG00000167460" 18 0 2 0 0 7 0 0 0 0 829 46 0 0 0 "TPM4"
"ENSG00000167526" 17 0 0 0 0 5 0 0 0 0 372 71 0 0 0 "RPL13"
"ENSG00000167552" 10 0 0 2 0 5 2 0 0 0 271 17 0 2 0 "TUBA1A"
"ENSG00000167658" 12 0 2 0 0 7 0 0 0 0 788 18 0 0 0 "EEF2"
"ENSG00000167863" 8 2 2 0 0 2 0 0 0 0 329 82 3 0 0 "ATP5H"
"ENSG00000168003" 15 0 0 0 0 3 0 0 0 0 450 20 0 0 0 "SLC3A2"
"ENSG00000168028" 10 0 0 0 0 0 0 0 0 0 690 21 0 0 0 "RPSA"
"ENSG00000168036" 20 3 7 0 0 0 0 0 0 0 1075 19 0 0 0 "CTNNB1"
"ENSG00000168542" 11 2 0 0 0 0 0 0 0 0 641 22 0 0 0 "COL3A1"
"ENSG00000168615" 13 3 0 0 0 7 0 0 0 0 881 17 0 0 0 "ADAM9"
"ENSG00000168653" 8 0 0 0 0 7 2 0 0 0 183 25 3 0 0 "NDUFS5"
"ENSG00000168958" 6 0 0 0 0 4 2 0 0 0 342 29 0 0 2 "MFF"
"ENSG00000169045" 21 2 0 0 0 5 0 0 0 0 975 16 0 0 0 "HNRNPH1"
"ENSG00000169504" 9 0 2 0 0 4 0 0 0 0 822 19 0 0 0 "CLIC4"
"ENSG00000169714" 6 0 0 0 0 3 0 0 0 0 523 23 0 0 0 "CNBP"
"ENSG00000169715" 10 0 2 0 0 4 0 0 0 0 202 37 0 0 0 "MT1E"
"ENSG00000169813" 14 4 3 0 0 5 0 0 0 0 289 23 0 0 0 "HNRNPF"
"ENSG00000169908" 11 0 3 0 0 5 0 0 0 0 431 37 0 0 0 "TM4SF1"
"ENSG00000170248" 8 3 0 0 0 5 0 2 0 0 278 21 0 0 0 "PDCD6IP"
"ENSG00000170312" 18 0 0 0 0 6 0 0 0 0 684 19 0 0 0 "CDK1"
"ENSG00000170540" 19 2 2 0 0 3 0 0 0 0 631 10 0 0 0 "ARL6IP1"
"ENSG00000170606" 12 0 0 0 0 0 0 0 0 0 402 18 0 0 0 "HSPA4"
"ENSG00000170860" 4 0 0 0 0 7 0 0 2 0 160 33 0 0 0 "LSM3"
"ENSG00000171858" 30 0 0 0 2 13 2 2 0 0 1069 175 4 0 0 "RPS21"
"ENSG00000171863" 14 0 0 0 0 0 0 0 0 0 882 124 0 0 0 "RPS7"
"ENSG00000172115" 14 2 0 0 0 9 0 0 0 0 628 81 0 0 0 "CYCS"
"ENSG00000172239" 14 0 2 2 0 9 0 3 0 0 381 13 0 0 0 "PAIP1"
"ENSG00000172572" 26 4 2 2 0 4 0 0 0 0 1220 32 0 0 0 "PDE3A"
"ENSG00000172757" 8 0 0 0 0 0 0 0 0 0 428 89 3 0 0 "CFL1"
"ENSG00000172809" 31 3 7 0 0 16 6 0 0 0 1562 484 3 0 4 "RPL38"
"ENSG00000173113" 5 0 3 0 0 3 0 0 0 0 174 24 0 0 0 "TRMT112"
"ENSG00000173660" 7 0 0 0 0 5 0 0 0 0 281 38 4 0 0 "UQCRH"
"ENSG00000173726" 8 0 0 0 0 0 0 0 0 0 436 29 0 0 2 "TOMM20"
"ENSG00000173915" 0 0 0 0 0 10 0 0 0 0 324 53 0 0 0 "USMG5"
"ENSG00000174444" 34 0 0 0 4 11 0 0 0 0 1917 118 3 0 2 "SNORD16"
"ENSG00000174695" 9 0 2 0 0 6 0 0 0 0 506 20 0 0 0 "TMEM167A"
"ENSG00000174748" 16 0 0 0 0 5 0 0 0 0 969 82 5 0 0 "RPL15"
"ENSG00000176788" 19 4 2 0 0 12 0 0 0 0 732 64 0 0 4 "BASP1"
"ENSG00000177410" 8 0 0 0 0 0 0 0 0 0 230 33 2 0 2 "ZFAS1"
"ENSG00000177600" 5 0 0 0 0 6 0 0 0 0 188 27 0 0 0 "RPLP2"
"ENSG00000177954" 6 0 0 0 0 3 0 0 0 0 370 117 0 0 0 "RPS27"
"ENSG00000178172" 7 0 0 0 0 8 0 0 0 0 712 75 0 0 0 "SPINK6"
"ENSG00000178952" 2 0 0 0 0 4 0 0 0 0 194 26 0 0 0 "TUFM"
"ENSG00000178982" 4 0 0 0 0 3 0 0 0 0 120 30 0 0 0 "EIF3K"
"ENSG00000180211" 0 0 0 0 0 0 0 0 0 0 84 37 0 0 0 NA
"ENSG00000180447" 23 6 8 2 0 9 2 0 0 0 189 2 0 0 0 "GAS1"
"ENSG00000180573" 15 0 0 0 0 2 0 0 0 0 1081 13 0 0 0 "HIST1H2AC"
"ENSG00000180596" 21 2 0 0 0 0 0 0 0 0 1951 17 0 0 2 "HIST1H2BG"
"ENSG00000180817" 7 0 0 0 0 13 3 3 0 0 353 10 0 0 0 "PPA1"
"ENSG00000181019" 12 0 0 0 2 9 0 0 0 0 635 24 0 0 0 "NQO1"
"ENSG00000181163" 33 0 0 0 0 9 0 0 0 0 1692 55 0 0 0 "NPM1"
"ENSG00000182217" 22 0 0 0 0 5 0 0 0 0 3061 21 0 0 2 "HIST4H4"
"ENSG00000182481" 30 5 4 0 0 16 0 4 0 0 633 31 0 0 0 "KPNA2"
"ENSG00000182718" 13 0 0 0 0 23 0 0 4 0 1206 118 3 0 5 "ANXA2"
"ENSG00000182774" 16 0 0 0 0 30 3 3 0 0 810 174 3 0 3 "RPS17"
"ENSG00000182899" 56 2 3 0 0 36 4 6 0 0 1382 240 4 0 0 "RPL35A"
"ENSG00000183405" 13 2 0 0 0 4 0 0 0 0 903 22 0 0 0 NA
"ENSG00000183558" 100 0 0 0 8 20 0 2 0 0 7013 72 6 0 4 "HIST2H2AA4"
"ENSG00000184007" 15 0 0 0 0 9 2 0 0 0 727 50 3 0 2 "PTP4A2"
"ENSG00000184009" 29 0 0 0 0 30 5 0 2 0 2179 68 3 2 0 "ACTG1"
"ENSG00000184260" 13 0 0 0 0 2 0 0 0 0 918 15 0 0 0 "HIST2H2AC"
"ENSG00000184357" 23 0 0 0 2 3 0 0 0 0 1467 17 0 0 0 "HIST1H1B"
"ENSG00000184432" 17 0 4 4 0 2 0 0 0 0 405 11 0 0 0 "COPB2"
"ENSG00000184678" 18 0 0 0 0 4 0 0 0 0 2048 15 0 0 0 "HIST2H2BE"
"ENSG00000184779" 0 0 0 0 0 5 0 0 0 0 168 25 0 0 0 "RPS17"
"ENSG00000184825" 64 0 0 0 0 3 0 0 0 0 1628 8 0 0 0 "HIST1H2AH"
"ENSG00000184983" 3 0 0 0 0 7 0 2 0 0 196 29 2 0 0 "NDUFA6"
"ENSG00000186298" 9 0 0 0 0 13 4 3 0 0 367 29 0 0 0 "PPP1CC"
"ENSG00000186468" 6 0 0 0 0 7 0 0 0 0 415 118 0 0 0 "RPS23"
"ENSG00000187109" 11 0 0 0 0 7 0 0 0 0 625 31 3 0 0 "NAP1L1"
"ENSG00000187134" 5 0 0 0 0 8 4 0 0 0 357 17 0 0 0 "AKR1C1"
"ENSG00000187514" 11 0 0 0 0 5 0 2 0 0 521 29 2 0 0 "PTMA"
"ENSG00000187653" 8 0 0 0 0 0 0 0 0 0 237 39 0 0 0 NA
"ENSG00000187837" 52 0 0 0 2 0 0 0 0 0 1596 15 0 0 0 "HIST1H1C"
"ENSG00000187990" 28 0 0 0 2 6 0 0 0 0 2134 18 0 0 0 "HIST1H2BG"
"ENSG00000188243" 10 0 0 0 0 4 2 0 0 0 204 54 2 0 0 "COMMD6"
"ENSG00000188825" 19 0 0 0 0 5 0 0 0 0 3279 16 2 0 2 "LINC00910"
"ENSG00000188846" 18 0 0 0 0 4 0 0 0 0 673 43 0 0 0 "RPL14"
"ENSG00000189043" 18 0 3 0 0 16 3 0 0 0 757 133 0 0 0 "NDUFA4"
"ENSG00000196139" 11 2 0 0 0 9 0 0 0 0 789 60 2 0 0 "AKR1C3"
"ENSG00000196154" 11 0 0 0 0 2 0 0 0 0 457 56 3 0 0 "S100A4"
"ENSG00000196262" 23 0 2 0 0 10 0 0 0 0 1306 70 0 0 2 "PPIA"
"ENSG00000196352" 28 4 3 7 0 3 0 0 0 0 624 15 0 0 0 "CD55"
"ENSG00000196531" 11 0 0 0 0 9 2 0 0 0 663 71 0 0 0 "NACA"
"ENSG00000196591" 7 0 0 0 0 3 0 0 0 0 170 20 0 0 0 "HDAC2"
"ENSG00000196683" 8 0 0 0 0 10 0 0 0 0 218 57 0 0 0 "TOMM7"
"ENSG00000196747" 37 0 0 0 2 3 0 0 0 0 2323 24 2 0 0 "HIST1H2AI"
"ENSG00000196787" 24 3 0 0 0 7 0 0 0 0 2848 25 0 0 0 "HIST1H2AI"
"ENSG00000197061" 66 0 0 0 8 75 0 0 0 3 4770 45 2 0 0 "HIST4H4"
"ENSG00000197575" 10 0 0 0 0 10 0 0 0 0 158 40 0 0 0 NA
"ENSG00000197694" 19 2 5 0 0 2 0 0 0 0 809 10 0 0 0 "SPTAN1"
"ENSG00000197756" 31 3 0 0 0 17 3 0 0 0 1506 308 2 3 2 "RPL37A"
"ENSG00000197903" 10 2 0 0 0 3 0 0 0 0 953 20 0 0 0 "HIST1H2BK"
"ENSG00000197914" 18 0 0 0 0 2 0 0 0 0 1758 12 0 0 0 "HIST4H4"
"ENSG00000197956" 19 0 3 0 0 34 2 0 0 0 1047 154 3 2 0 "S100A6"
"ENSG00000197958" 25 0 0 0 4 12 0 0 0 0 666 101 3 0 2 "RPL12"
"ENSG00000198034" 18 0 0 0 0 8 0 0 0 0 757 70 0 0 0 "RPS4X"
"ENSG00000198242" 9 0 0 0 0 2 0 0 0 0 309 91 2 0 0 "SNORD42A"
"ENSG00000198363" 30 2 0 0 0 16 0 0 2 0 1659 40 2 0 0 "ASPH"
"ENSG00000198431" 50 6 9 0 3 26 5 5 0 0 1441 63 0 3 0 "TXNRD1"
"ENSG00000198467" 9 0 0 0 0 8 0 0 0 0 410 78 0 0 0 "TPM2"
"ENSG00000198668" 25 2 0 0 0 13 2 0 2 0 761 52 3 0 0 "CALM1"
"ENSG00000198677" 14 0 0 0 0 5 0 0 0 0 709 27 0 0 0 "TTC37"
"ENSG00000198755" 20 0 0 0 0 2 0 0 0 0 661 40 0 0 0 "RPL10A"
"ENSG00000198898" 10 0 0 0 0 6 0 2 0 0 494 22 0 0 0 "CAPZA2"
"ENSG00000198918" 12 0 0 0 0 0 0 0 0 0 461 116 0 0 2 "RPL39"
"ENSG00000200087" 193 5 0 0 4 10 0 0 0 0 10918 98 7 0 4 "RNU105A"
"ENSG00000200312" 112 0 2 0 3 39 0 0 0 2 13781 91 0 0 0 NA
"ENSG00000200488" 41 0 3 0 0 7 0 0 0 0 4678 32 0 0 2 NA
"ENSG00000201428" 740 17 9 4 32 213 8 0 0 8 94507 695 18 7 29 NA
"ENSG00000201793" 49 0 4 0 2 14 0 0 0 0 6218 45 0 0 0 NA
"ENSG00000202058" 131 4 0 0 5 49 0 0 0 0 13786 130 6 2 3 NA
"ENSG00000202198" 236 3 3 0 6 79 2 3 0 2 26584 277 9 0 12 "RN7SK"
"ENSG00000202512" 38 0 0 0 0 13 0 0 0 0 4823 27 0 0 0 NA
"ENSG00000203811" 44 2 0 0 0 7 2 0 0 0 3922 28 0 0 3 "HIST2H3C"
"ENSG00000203813" 12 0 0 0 0 5 0 0 0 0 1738 13 0 0 0 "HIST1H3A"
"ENSG00000204628" 64 2 0 0 0 15 2 2 2 0 1845 268 2 3 5 "GNB2L1"
"ENSG00000205246" 11 0 0 0 0 4 0 0 0 0 183 23 0 2 2 "RPSAP58"
"ENSG00000205339" 20 0 2 0 0 4 0 0 0 0 819 18 2 0 0 "IPO7"
"ENSG00000205542" 41 6 0 2 0 15 5 2 0 0 2075 243 6 0 2 "TMSB4X"
"ENSG00000205581" 8 0 0 0 0 6 2 0 0 0 280 19 3 0 0 "HMGN1"
"ENSG00000207418" 82 0 0 0 2 17 0 0 0 0 12300 89 0 0 2 "RNVU1-7"
"ENSG00000207513" 14 0 0 0 0 5 0 0 0 0 1765 16 0 0 0 "RNU1-3"
"ENSG00000212664" 3 0 0 0 0 0 0 0 0 0 225 81 0 0 0 NA
"ENSG00000213261" 2 0 0 0 0 0 0 0 0 0 203 88 0 0 3 NA
"ENSG00000213315" 17 0 0 0 0 0 0 0 0 0 102 29 0 0 0 NA
"ENSG00000213585" 12 2 2 0 0 3 0 0 0 0 519 44 2 0 0 "VDAC1"
"ENSG00000213598" 13 0 0 0 5 18 0 0 0 0 705 98 2 0 0 NA
"ENSG00000213609" 0 0 0 0 0 2 0 0 0 0 148 78 2 0 0 NA
"ENSG00000213639" 19 0 0 0 0 5 0 0 0 0 908 24 3 0 0 "PPP1CB"
"ENSG00000213741" 30 0 0 0 0 11 2 3 0 0 1028 206 2 0 2 "RPS29"
"ENSG00000213860" 9 0 0 0 0 0 0 0 0 0 210 50 0 0 0 "RPL21P28"
"ENSG00000214389" 5 0 0 0 0 2 0 0 0 0 192 31 0 0 0 NA
"ENSG00000214535" 0 0 0 0 0 0 0 0 0 0 71 35 0 0 0 NA
"ENSG00000215030" 10 0 0 0 0 0 0 0 0 0 280 96 3 0 0 NA
"ENSG00000215301" 20 0 4 0 0 7 0 0 0 0 809 20 0 0 0 "DDX3X"
"ENSG00000219747" 3 0 0 0 0 3 0 0 0 0 132 27 2 0 0 NA
"ENSG00000220842" 2 0 0 0 0 2 0 0 0 0 44 32 0 0 0 NA
"ENSG00000223255" 28 0 0 0 0 3 0 0 0 0 2576 18 0 0 0 NA
"ENSG00000224094" 4 0 0 0 0 3 0 0 0 0 173 93 2 0 0 NA
"ENSG00000224631" 5 0 0 0 0 0 0 0 0 0 352 62 3 0 0 NA
"ENSG00000225405" 0 0 0 0 0 0 0 0 0 0 214 142 2 0 0 NA
"ENSG00000225630" 13 0 0 0 0 9 0 0 0 0 566 23 0 0 0 NA
"ENSG00000226499" 5 0 0 0 0 0 0 0 0 0 55 26 0 0 0 NA
"ENSG00000227008" 13 0 0 2 2 10 0 0 0 0 400 88 2 0 0 NA
"ENSG00000227063" 0 0 0 0 0 4 0 0 0 0 421 142 3 0 0 NA
"ENSG00000227081" 2 0 0 0 0 0 0 0 0 0 75 28 0 0 0 NA
"ENSG00000228205" 4 0 0 0 0 2 0 0 0 0 126 37 0 0 0 NA
"ENSG00000229119" 5 0 0 0 0 0 0 0 0 0 364 79 0 0 0 NA
"ENSG00000229132" 6 0 0 0 0 5 0 0 0 0 281 19 0 0 0 NA
"ENSG00000230629" 0 0 0 0 0 4 0 0 0 0 398 60 3 0 0 NA
"ENSG00000231500" 13 0 0 0 0 8 0 0 0 0 445 36 2 0 0 "RPS18"
"ENSG00000232112" 6 0 0 0 0 10 0 2 0 0 253 56 0 0 0 "TMA7"
"ENSG00000232341" 2 0 0 0 0 0 0 0 0 0 154 84 2 0 0 NA
"ENSG00000232573" 2 0 0 0 0 0 0 0 0 0 146 65 0 0 0 NA
"ENSG00000232858" 2 0 0 0 0 2 0 0 0 0 69 35 0 0 0 NA
"ENSG00000233913" 9 0 0 0 0 6 2 0 0 0 383 110 3 2 0 NA
"ENSG00000234741" 79 0 0 2 2 7 0 2 0 0 1529 39 0 0 0 "GAS5"
"ENSG00000235065" 3 0 0 0 0 7 0 0 0 0 140 54 0 0 0 NA
"ENSG00000235552" 9 0 0 0 0 8 2 0 0 0 1355 281 7 0 3 NA
"ENSG00000236552" 3 0 0 0 0 2 0 0 0 0 371 167 3 0 2 "RPL13AP5"
"ENSG00000237550" 13 0 0 0 0 0 0 0 0 0 332 22 0 0 0 NA
"ENSG00000237875" 2 0 0 0 0 0 0 0 0 0 50 29 0 0 0 NA
"ENSG00000237973" 73 0 0 0 9 42 0 0 0 0 2885 163 0 0 3 "LOC101926970"
"ENSG00000237991" 16 0 0 0 0 7 0 0 0 0 267 57 2 0 0 NA
"ENSG00000238741" 39 0 0 0 2 11 0 0 0 0 5871 22 0 0 0 "SCARNA7"
"ENSG00000239559" 0 0 0 0 0 0 0 0 0 0 161 62 0 0 0 NA
"ENSG00000239672" 8 0 0 0 0 12 4 0 0 0 316 53 0 0 0 "NME1"
"ENSG00000239899" 84 0 0 0 5 15 0 0 0 0 9548 67 2 0 2 NA
"ENSG00000240509" 10 0 0 0 0 2 0 0 0 0 270 37 0 0 0 NA
"ENSG00000240616" 6 0 0 0 0 2 0 0 0 0 163 42 0 0 0 NA
"ENSG00000240869" 404 11 3 0 22 94 0 2 0 4 50779 288 5 0 8 NA
"ENSG00000241468" 6 0 0 0 0 3 0 0 0 0 255 66 0 0 0 "ATP5J2"
"ENSG00000242071" 4 0 0 0 0 6 0 0 0 0 232 44 0 0 0 NA
"ENSG00000242125" 83 0 0 0 31 15 0 2 0 0 6251 51 0 0 2 "SNHG3"
"ENSG00000242299" 5 0 0 0 0 0 0 0 0 0 273 54 0 0 0 NA
"ENSG00000242716" 310 15 4 0 23 84 2 0 0 11 55318 349 8 4 20 "RNA5-8S5"
"ENSG00000243859" 4 0 0 0 0 5 0 0 0 0 121 40 0 0 0 NA
"ENSG00000244363" 2 0 0 0 0 2 0 0 0 0 343 30 0 0 0 NA
"ENSG00000244398" 5 0 0 0 0 2 0 0 0 0 298 60 0 0 0 NA
"ENSG00000244642" 96 0 3 0 0 11 0 0 0 0 9651 71 0 0 0 NA
"ENSG00000249915" 10 2 2 0 0 5 0 2 0 0 373 29 0 0 0 "PDCD6"
"ENSG00000250182" 16 0 0 0 0 2 0 0 0 0 1536 12 0 0 0 NA
"ENSG00000251562" 92 2 0 4 3 242 0 0 0 0 5468 135 0 0 0 "MALAT1"
"ENSG00000253729" 19 0 3 0 0 5 0 0 0 0 1208 11 0 0 0 "PRKDC"
"ENSG00000255302" 16 0 0 0 0 6 0 0 0 0 595 22 2 0 0 "EID1"
"ENSG00000255717" 69 3 0 0 0 0 0 0 0 0 1051 17 0 0 0 "SNHG1"
"ENSG00000256018" 18 0 0 0 0 6 0 0 0 0 1383 13 0 0 0 "HIST1H3A"
"ENSG00000256316" 16 0 0 0 0 4 0 0 0 0 1811 13 0 0 0 "HIST1H3A"
"ENSG00000256338" 13 3 0 0 0 6 0 0 0 0 615 76 3 0 0 NA
"ENSG00000258477" 3 0 0 0 0 0 0 0 0 0 351 27 0 0 0 NA
"ENSG00000258486" 467 4 3 0 20 101 4 0 0 7 44862 419 9 6 10 "RN7SL1"
"ENSG00000259001" 594 27 20 3 26 116 8 3 0 9 73182 550 21 12 16 "RPPH1"
"ENSG00000260032" 23 2 0 11 0 8 0 2 0 0 615 14 0 0 0 "LINC00657"
"ENSG00000262202" 29 0 0 0 0 10 0 0 0 0 5402 32 0 0 0 "SNORD3D"
"ENSG00000263740" 831 13 2 0 38 171 0 2 0 11 92293 680 9 4 24 NA
"ENSG00000264281" 5 0 0 2 0 2 0 0 0 0 354 44 0 0 0 NA
"ENSG00000264940" 49 0 0 0 3 10 0 0 0 0 12446 64 2 0 5 "SNORD3C"
"ENSG00000265150" 893 16 11 0 56 199 5 4 0 15 83505 874 20 4 31 "RN7SL2"
"ENSG00000265735" 499 7 8 2 25 138 4 3 2 10 61952 436 5 4 23 NA
"ENSG00000266037" 187 2 3 0 2 49 0 2 0 0 20937 187 3 0 9 NA
"ENSG00000266658" 90 0 0 0 12 18 3 0 0 0 7119 59 3 0 3 "RNA28S5"
"ENSG00000269900" 867 14 11 0 36 193 2 3 0 19 102715 717 25 6 40 "RMRP"
"ENSG00000272060" 21 2 0 0 0 4 0 0 0 0 1974 21 0 0 0 "RNA18S5"
