"V1" "exp-pA<15" "polyA-pA<15" "UU-pA<15" "U-pA<15" "U>3-pA<15" "polyA-NoU-pA<15" "exp-pA<25" "polyA-pA<25" "UU-pA<25" "U-pA<25" "U>3-pA<25" "polyA-NoU-pA<25" "exp" "polyA-pA>25" "UU-pA>25" "U-pA>25" "U>3-pA>25" "polyA-NoU-pA>25" "symbol"
"ENSG00000004455" 326 11 0 0 0 0 326 7 3 0 0 0 326 14 0 0 0 0 "AK2"
"ENSG00000005022" 300 7 0 0 0 0 300 9 2 0 0 0 300 29 0 0 0 3 "SLC25A5"
"ENSG00000008018" 171 8 0 0 0 0 171 4 0 0 0 0 171 19 0 0 0 0 "PSMB1"
"ENSG00000008988" 869 22 0 0 0 0 869 15 2 2 0 0 869 173 6 0 0 0 "SNORD54"
"ENSG00000009307" 1000 18 0 0 0 0 1000 10 0 0 4 0 1000 27 0 2 0 0 "CSDE1"
"ENSG00000010256" 310 2 0 0 0 0 310 12 0 0 8 0 310 18 2 0 0 0 "UQCRC1"
"ENSG00000010292" 479 10 0 0 0 0 479 2 0 0 0 0 479 22 0 0 0 0 "NCAPD2"
"ENSG00000014641" 270 4 0 0 0 2 270 0 0 0 0 0 270 40 0 0 0 2 "MDH1"
"ENSG00000021826" 1142 30 0 6 0 0 1142 6 0 0 0 0 1142 26 0 0 0 0 "CPS1"
"ENSG00000026025" 806 59 8 22 7 0 806 22 0 8 0 0 806 98 2 2 0 2 "VIM"
"ENSG00000031698" 211 4 0 0 0 0 211 5 0 0 0 0 211 26 0 0 0 0 "SARS"
"ENSG00000034510" 1856 81 0 0 0 4 1856 45 3 2 0 0 1856 448 9 4 0 5 "TMSB10"
"ENSG00000041357" 290 13 0 0 0 0 290 5 2 0 0 0 290 24 0 0 0 0 "PSMA4"
"ENSG00000044115" 679 14 0 0 3 0 679 7 0 0 0 0 679 39 2 0 3 0 "CTNNA1"
"ENSG00000049656" 701 22 0 0 0 2 701 13 0 0 2 0 701 13 0 0 0 0 "CLPTM1L"
"ENSG00000054148" 167 4 0 0 0 0 167 7 0 0 0 0 167 20 0 0 0 0 "PHPT1"
"ENSG00000055044" 237 12 2 0 0 0 237 6 0 0 0 0 237 18 0 0 0 0 "NOP58"
"ENSG00000061676" 411 14 0 3 2 0 411 5 0 0 0 0 411 17 0 0 0 0 "NCKAP1"
"ENSG00000062716" 1336 20 0 0 0 0 1336 12 2 0 0 0 1336 17 0 0 0 0 "VMP1"
"ENSG00000063046" 660 20 0 0 0 0 660 9 0 0 2 0 660 28 0 0 0 0 "EIF4B"
"ENSG00000063177" 1148 47 0 0 2 4 1148 25 4 0 2 0 1148 190 5 0 0 4 "RPL18"
"ENSG00000064042" 526 11 0 0 0 2 526 6 0 0 0 0 526 20 0 0 0 0 "LIMCH1"
"ENSG00000065150" 604 13 0 0 0 0 604 5 0 0 0 0 604 26 0 0 0 0 "IPO5"
"ENSG00000065427" 302 8 0 0 0 0 302 8 0 2 0 0 302 17 0 0 0 0 "KARS"
"ENSG00000065518" 108 6 0 0 0 0 108 9 0 0 0 0 108 24 0 0 0 0 "NDUFB4"
"ENSG00000065978" 795 14 2 0 0 0 795 5 2 0 0 0 795 89 3 3 0 0 "YBX1"
"ENSG00000067225" 2910 42 0 0 0 4 2910 14 0 2 0 0 2910 121 4 0 0 0 "PKM"
"ENSG00000067560" 461 10 0 0 0 0 461 6 2 0 0 0 461 21 0 0 0 0 "RHOA"
"ENSG00000069275" 629 14 2 0 0 0 629 3 0 0 0 0 629 19 0 0 0 0 "NUCKS1"
"ENSG00000070756" 376 17 0 5 3 0 376 8 2 0 0 0 376 34 0 0 0 0 "PABPC1"
"ENSG00000071082" 1054 44 5 2 0 0 1054 54 5 5 0 2 1054 194 5 0 0 0 "RPL31"
"ENSG00000072274" 629 18 0 0 0 0 629 4 0 0 0 0 629 8 0 0 0 0 "TFRC"
"ENSG00000073712" 515 16 3 3 0 0 515 19 0 3 2 0 515 17 0 0 0 0 "FERMT2"
"ENSG00000074071" 244 9 0 0 0 2 244 5 0 0 2 0 244 16 0 0 0 0 "MRPS34"
"ENSG00000074800" 3999 75 0 0 0 2 3999 45 4 2 6 0 3999 142 4 2 0 0 "ENO1"
"ENSG00000075415" 638 14 0 0 0 0 638 10 3 0 0 0 638 32 2 0 0 0 "SLC25A3"
"ENSG00000075624" 3362 32 0 0 0 2 3362 13 0 0 0 0 3362 84 3 0 0 2 "ACTB"
"ENSG00000076003" 211 8 0 0 0 0 211 10 0 0 5 0 211 12 0 0 0 0 "MCM6"
"ENSG00000079246" 878 28 0 3 0 2 878 23 0 6 5 0 878 40 0 0 0 2 "XRCC5"
"ENSG00000080824" 1158 34 0 0 5 0 1158 14 0 0 0 0 1158 52 2 0 0 2 "HSP90AA1"
"ENSG00000082153" 617 10 0 0 0 0 617 6 0 0 0 0 617 17 2 0 0 0 "BZW1"
"ENSG00000082898" 561 15 2 3 0 0 561 14 0 3 0 0 561 16 0 0 0 0 "XPO1"
"ENSG00000083312" 1403 24 0 4 0 0 1403 8 0 2 0 0 1403 26 0 0 0 0 "TNPO1"
"ENSG00000083845" 1166 29 2 0 0 0 1166 32 2 7 0 0 1166 127 2 0 0 2 "RPS5"
"ENSG00000084207" 797 24 0 0 0 0 797 20 0 0 0 0 797 79 2 0 0 0 "GSTP1"
"ENSG00000084733" 316 9 2 0 2 0 316 0 0 0 0 0 316 26 0 0 2 0 "RAB10"
"ENSG00000085063" 746 7 0 0 0 0 746 7 0 0 0 0 746 57 0 0 0 0 "CD59"
"ENSG00000085231" 250 9 0 0 0 0 250 2 0 0 0 0 250 21 0 0 0 0 "TAF9"
"ENSG00000086061" 551 22 5 2 0 0 551 8 2 0 0 0 551 34 0 0 0 0 "DNAJA1"
"ENSG00000087053" 357 9 0 0 0 0 357 7 0 0 0 0 357 23 0 0 0 0 "MTMR2"
"ENSG00000087077" 155 12 2 2 5 0 155 7 0 2 0 0 155 15 0 0 0 0 "TRIP6"
"ENSG00000087086" 3436 71 0 0 0 3 3436 41 3 6 0 0 3436 236 13 13 0 0 "FTL"
"ENSG00000087460" 617 16 0 0 0 0 617 3 0 0 0 0 617 47 0 0 0 0 "GNAS"
"ENSG00000088986" 289 16 0 2 0 0 289 0 0 0 0 0 289 18 0 0 0 0 "DYNLL1"
"ENSG00000089009" 1290 10 0 0 0 0 1290 4 0 0 0 0 1290 116 0 0 0 0 "RPL6"
"ENSG00000089157" 1382 23 0 0 2 0 1382 11 2 2 0 0 1382 49 0 0 0 2 "RPLP0"
"ENSG00000090273" 173 10 0 2 0 0 173 14 2 2 0 0 173 23 0 0 0 0 "NUDC"
"ENSG00000092199" 529 7 0 0 0 0 529 7 0 2 0 0 529 33 0 0 0 0 "HNRNPC"
"ENSG00000092621" 379 9 0 2 0 0 379 5 0 0 0 0 379 26 0 0 0 0 "PHGDH"
"ENSG00000092820" 339 8 3 0 0 2 339 3 0 0 0 0 339 20 2 0 0 0 "EZR"
"ENSG00000092841" 797 48 0 0 0 0 797 18 0 0 0 0 797 93 3 0 0 0 "MYL6"
"ENSG00000096384" 754 25 0 7 3 0 754 11 0 0 0 0 754 9 0 0 0 0 "HSP90AB1"
"ENSG00000099194" 646 9 0 0 0 0 646 8 0 0 0 0 646 14 0 0 0 0 "SCD"
"ENSG00000100097" 627 30 0 0 0 0 627 23 0 0 0 0 627 163 4 3 0 3 "LGALS1"
"ENSG00000100138" 370 11 2 0 3 0 370 8 0 0 0 0 370 29 0 0 0 0 "NHP2L1"
"ENSG00000100201" 814 11 0 3 0 0 814 3 0 0 0 0 814 23 0 0 0 0 "DDX17"
"ENSG00000100316" 800 8 0 0 0 2 800 3 0 0 0 0 800 26 2 0 0 0 "RPL3"
"ENSG00000100567" 172 6 0 0 0 0 172 4 0 0 0 0 172 25 0 0 0 0 "PSMA3"
"ENSG00000100632" 150 3 0 3 0 0 150 8 0 2 0 0 150 24 0 0 0 0 "ERH"
"ENSG00000100644" 1130 20 2 0 0 0 1130 18 2 4 0 0 1130 35 3 0 0 0 "HIF1A"
"ENSG00000100823" 165 22 0 2 0 0 165 10 0 7 0 0 165 14 0 0 0 0 "APEX1"
"ENSG00000101166" 385 18 0 2 0 2 385 0 0 0 0 0 385 24 0 0 0 0 "SLMO2"
"ENSG00000101182" 630 14 0 2 0 0 630 13 0 2 0 0 630 45 3 0 0 0 "PSMA7"
"ENSG00000101608" 224 4 0 0 0 0 224 8 2 3 0 0 224 26 0 0 0 0 "MYL12A"
"ENSG00000101972" 491 12 0 0 0 2 491 0 0 0 0 0 491 23 0 0 0 0 "STAG2"
"ENSG00000102024" 1060 17 0 0 0 0 1060 5 0 0 0 0 1060 27 2 0 0 0 "PLS3"
"ENSG00000102144" 1260 10 0 0 0 0 1260 3 0 0 0 0 1260 26 3 0 0 0 "PGK1"
"ENSG00000102804" 447 14 4 0 0 0 447 4 0 0 0 0 447 18 0 0 0 0 "TSC22D1"
"ENSG00000103257" 888 15 0 0 0 0 888 6 0 0 0 0 888 13 0 0 0 0 "SLC7A5"
"ENSG00000103363" 244 11 0 0 0 0 244 8 0 0 0 0 244 59 2 0 0 0 "TCEB2"
"ENSG00000104408" 618 15 0 0 0 0 618 10 3 0 0 0 618 62 0 0 0 3 "EIF3E"
"ENSG00000104738" 447 13 0 0 0 0 447 12 0 0 0 0 447 13 0 0 0 0 "MCM4"
"ENSG00000104904" 559 10 2 0 0 0 559 8 0 0 0 0 559 20 0 3 0 0 "OAZ1"
"ENSG00000104979" 139 4 0 0 0 0 139 4 0 0 0 0 139 26 0 0 0 0 "C19orf53"
"ENSG00000105185" 154 0 0 0 0 0 154 0 0 0 0 0 154 46 0 0 0 0 "PDCD5"
"ENSG00000105193" 501 12 0 0 0 0 501 17 0 0 0 0 501 72 5 0 0 0 "RPS16"
"ENSG00000105372" 1435 45 0 2 0 0 1435 37 3 0 0 0 1435 228 7 3 0 2 "RPS19"
"ENSG00000105640" 517 7 0 0 0 0 517 4 0 0 0 0 517 67 2 0 0 0 "RPL18A"
"ENSG00000105854" 362 16 0 3 0 0 362 12 0 0 0 0 362 26 0 0 0 0 "PON2"
"ENSG00000106153" 317 4 0 0 0 0 317 8 0 0 0 0 317 41 0 0 0 0 "CHCHD2"
"ENSG00000106263" 523 12 0 0 0 0 523 8 0 0 2 0 523 17 0 0 0 0 "EIF3B"
"ENSG00000107223" 322 11 0 0 0 0 322 11 0 2 0 0 322 59 0 0 0 0 "EDF1"
"ENSG00000108107" 195 11 0 0 0 0 195 3 0 0 0 0 195 33 2 0 0 0 "RPL28"
"ENSG00000108294" 660 23 0 0 0 0 660 36 0 2 0 0 660 110 2 0 0 2 "PSMB3"
"ENSG00000108298" 1559 59 3 2 0 5 1559 26 4 0 0 0 1559 339 10 0 0 3 "RPL19"
"ENSG00000108424" 709 22 3 3 0 0 709 7 0 0 0 0 709 25 0 0 0 0 "KPNB1"
"ENSG00000108518" 896 10 0 0 0 0 896 7 4 0 0 0 896 100 0 0 0 0 "PFN1"
"ENSG00000108561" 532 14 0 0 0 0 532 11 4 3 0 0 532 38 0 0 0 2 "C1QBP"
"ENSG00000108654" 627 12 0 0 0 0 627 5 0 2 0 0 627 14 0 0 0 0 "DDX5"
"ENSG00000108953" 543 8 0 2 0 0 543 2 0 0 0 0 543 44 0 0 0 0 "YWHAE"
"ENSG00000109475" 355 16 0 0 0 0 355 5 2 0 0 0 355 76 0 0 0 0 "RPL34"
"ENSG00000109606" 350 10 0 6 0 2 350 10 0 0 0 0 350 11 0 0 0 0 "DHX15"
"ENSG00000109861" 548 27 7 4 6 0 548 13 0 0 0 0 548 37 0 0 0 0 "CTSC"
"ENSG00000109971" 2102 47 2 7 0 6 2102 29 3 2 3 0 2102 76 0 2 0 4 "HSPA8"
"ENSG00000110321" 1188 18 0 0 0 0 1188 8 0 2 0 0 1188 33 0 0 0 0 "EIF4G2"
"ENSG00000110700" 781 23 0 0 0 0 781 27 2 0 0 0 781 124 2 0 0 2 "RPS13"
"ENSG00000110955" 913 25 0 0 0 0 913 12 2 3 2 0 913 74 3 0 0 4 "ATP5B"
"ENSG00000111371" 1078 18 0 0 0 0 1078 3 0 0 0 0 1078 18 0 0 0 0 "SLC38A1"
"ENSG00000111639" 189 3 0 0 0 0 189 5 2 0 0 0 189 27 3 0 0 0 "MRPL51"
"ENSG00000111640" 6144 60 0 0 0 0 6144 23 0 0 0 2 6144 84 2 0 0 4 "GAPDH"
"ENSG00000111669" 621 7 0 0 0 0 621 9 0 0 2 0 621 22 0 0 0 0 "TPI1"
"ENSG00000111716" 1080 37 0 0 0 2 1080 22 0 3 2 0 1080 103 4 0 0 2 "LDHB"
"ENSG00000111843" 293 11 0 0 0 0 293 2 0 0 0 0 293 17 0 2 0 0 "TMEM14C"
"ENSG00000112081" 403 10 0 0 0 2 403 9 2 2 0 0 403 18 0 0 0 0 "SRSF3"
"ENSG00000112245" 835 16 2 0 0 2 835 6 0 3 0 0 835 16 0 0 0 0 "PTP4A1"
"ENSG00000112306" 467 16 0 0 0 0 467 2 0 0 0 0 467 74 2 0 0 0 "RPS12"
"ENSG00000112695" 325 16 0 0 0 0 325 25 5 0 0 0 325 52 0 0 0 0 "COX7A2"
"ENSG00000112996" 408 12 4 0 3 0 408 5 3 0 0 0 408 17 0 0 0 0 "MRPS30"
"ENSG00000113013" 866 29 5 5 2 0 866 9 0 0 0 0 866 54 0 0 0 0 "HSPA9"
"ENSG00000113369" 525 12 4 0 2 0 525 3 0 0 0 0 525 15 0 0 0 0 "ARRDC3"
"ENSG00000113384" 573 19 2 2 2 0 573 9 3 0 3 0 573 19 0 0 0 0 "GOLPH3"
"ENSG00000113387" 653 26 4 0 2 0 653 14 3 2 0 0 653 76 0 0 0 0 "SUB1"
"ENSG00000113407" 1237 33 0 3 0 0 1237 9 0 3 0 0 1237 24 0 0 0 0 "TARS"
"ENSG00000113448" 909 23 0 6 0 0 909 14 3 0 0 0 909 17 0 0 0 0 "PDE4D"
"ENSG00000113460" 320 12 5 0 0 0 320 4 0 0 0 0 320 21 0 0 0 0 "BRIX1"
"ENSG00000113569" 877 24 0 4 0 0 877 10 0 0 0 0 877 18 0 0 0 0 "NUP155"
"ENSG00000113580" 480 26 0 0 0 0 480 7 0 0 0 0 480 5 0 0 0 0 "NR3C1"
"ENSG00000113732" 216 7 0 0 0 0 216 6 3 0 0 0 216 17 0 0 0 0 "ATP6V0E1"
"ENSG00000114346" 285 17 0 2 0 0 285 4 0 0 0 0 285 11 0 0 0 0 "ECT2"
"ENSG00000114391" 712 38 4 0 0 3 712 21 0 0 0 0 712 112 3 0 0 0 "RPL24"
"ENSG00000114686" 249 7 0 0 0 0 249 8 0 4 0 0 249 20 0 0 0 0 "MRPL3"
"ENSG00000114850" 487 10 0 0 0 0 487 2 0 0 0 0 487 23 0 0 0 0 "SSR3"
"ENSG00000114942" 327 5 0 0 0 0 327 0 0 0 0 0 327 46 0 0 0 0 "EEF1B2"
"ENSG00000115091" 551 20 2 3 0 0 551 3 0 0 0 0 551 25 0 0 0 2 "ACTR3"
"ENSG00000115128" 308 4 0 0 0 0 308 3 0 0 0 0 308 34 0 0 0 0 "SF3B6"
"ENSG00000115233" 250 13 3 0 2 0 250 8 0 0 0 0 250 14 0 0 0 0 "PSMD14"
"ENSG00000115241" 241 12 0 2 0 2 241 15 0 2 3 0 241 15 0 0 0 0 "PPM1G"
"ENSG00000115268" 779 9 0 0 0 2 779 6 0 0 0 0 779 26 0 0 0 0 "RPS15"
"ENSG00000115306" 738 11 0 3 0 0 738 7 0 2 0 0 738 30 0 0 0 2 "SPTBN1"
"ENSG00000115310" 297 3 0 3 0 0 297 5 0 0 0 0 297 29 0 0 0 0 "RTN4"
"ENSG00000115524" 832 28 3 0 0 0 832 10 0 0 0 0 832 19 0 0 0 0 "SF3B1"
"ENSG00000115541" 238 14 2 0 2 0 238 12 5 0 0 0 238 35 3 0 0 0 "HSPE1"
"ENSG00000115677" 603 12 0 0 0 0 603 4 0 0 0 0 603 17 0 0 0 0 "HDLBP"
"ENSG00000115758" 525 9 0 3 0 0 525 10 2 0 0 0 525 27 0 0 0 0 "ODC1"
"ENSG00000116161" 175 4 0 0 0 0 175 6 0 0 0 0 175 20 0 0 0 0 "CACYBP"
"ENSG00000116209" 376 9 0 0 0 0 376 7 0 0 0 0 376 24 0 0 0 0 "TMEM59"
"ENSG00000116251" 389 8 0 0 0 0 389 7 0 0 0 0 389 49 0 0 0 0 "RPL22"
"ENSG00000116288" 262 2 0 0 0 0 262 7 0 0 0 0 262 34 0 0 0 2 "PARK7"
"ENSG00000116459" 398 7 0 0 0 0 398 10 0 4 0 0 398 20 0 0 0 0 "ATP5F1"
"ENSG00000116898" 185 5 0 0 0 0 185 5 0 0 0 0 185 34 0 0 0 0 "MRPS15"
"ENSG00000117318" 1356 50 10 10 0 0 1356 30 3 5 0 0 1356 46 0 0 0 0 "ID3"
"ENSG00000117450" 1783 35 0 0 0 0 1783 53 2 2 6 0 1783 114 0 0 0 0 "PRDX1"
"ENSG00000117632" 359 11 2 0 0 0 359 2 0 0 0 0 359 27 4 0 0 3 "STMN1"
"ENSG00000118181" 180 0 0 0 0 0 180 0 0 0 0 0 180 34 0 0 0 0 "RPS25"
"ENSG00000118680" 285 10 0 0 3 0 285 7 3 0 0 0 285 42 0 0 0 3 "MYL12B"
"ENSG00000118705" 993 18 0 0 0 0 993 8 0 0 0 0 993 33 0 0 0 0 "RPN2"
"ENSG00000119335" 1269 33 2 2 3 0 1269 16 0 0 3 0 1269 75 6 0 0 2 "SET"
"ENSG00000119705" 171 7 0 0 0 0 171 4 0 0 0 0 171 30 0 0 0 0 "SLIRP"
"ENSG00000120708" 3266 31 0 0 0 0 3266 14 0 0 0 0 3266 86 5 2 0 4 "TGFBI"
"ENSG00000120802" 671 24 5 3 0 0 671 9 0 0 0 0 671 16 0 0 0 0 "TMPO"
"ENSG00000120885" 1718 39 0 0 0 4 1718 11 0 0 0 0 1718 82 0 0 0 2 "CLU"
"ENSG00000122034" 278 10 0 0 0 0 278 11 0 3 0 0 278 22 0 0 0 0 "GTF3A"
"ENSG00000122406" 819 17 0 0 0 0 819 17 0 2 0 0 819 155 0 2 0 0 "RPL5"
"ENSG00000122565" 369 10 0 2 0 0 369 7 2 0 0 0 369 23 0 0 0 0 "CBX3"
"ENSG00000122566" 417 10 0 2 0 0 417 8 2 4 0 0 417 28 3 0 0 0 "HNRNPA2B1"
"ENSG00000122705" 517 15 0 0 0 0 517 18 0 0 0 0 517 34 0 0 0 0 "CLTA"
"ENSG00000123080" 311 10 0 2 2 0 311 3 0 0 0 0 311 26 0 0 0 0 "CDKN2C"
"ENSG00000123562" 782 19 2 0 0 0 782 4 0 0 0 0 782 18 0 0 0 0 "MORF4L2"
"ENSG00000124172" 322 4 0 0 0 0 322 4 0 0 0 0 322 80 0 0 0 0 "ATP5E"
"ENSG00000124207" 905 21 2 0 0 0 905 10 0 0 0 0 905 30 0 0 0 0 "CSE1L"
"ENSG00000124529" 4080 32 0 0 0 2 4080 4 0 0 0 0 4080 28 0 0 0 2 "HIST4H4"
"ENSG00000124635" 3990 35 2 0 0 8 3990 8 0 2 0 0 3990 35 0 0 0 2 "HIST1H2BJ"
"ENSG00000124693" 9003 103 3 0 0 12 9003 18 0 0 0 0 9003 108 6 2 0 8 "HIST1H3A"
"ENSG00000124795" 481 29 2 0 0 0 481 4 0 0 0 0 481 24 0 0 0 0 "DEK"
"ENSG00000125304" 383 13 0 0 0 2 383 3 0 0 0 0 383 14 0 0 0 0 "TM9SF2"
"ENSG00000125691" 1168 20 4 0 0 0 1168 32 0 2 0 0 1168 343 4 0 0 2 "SNORA21"
"ENSG00000125743" 455 53 0 0 0 0 455 34 4 3 0 0 455 85 0 0 0 0 "SNRPD2"
"ENSG00000125868" 420 14 0 0 0 0 420 9 0 0 0 0 420 26 0 0 0 0 "DSTN"
"ENSG00000125995" 72 12 0 0 0 0 72 4 0 0 0 0 72 14 0 0 0 0 "ROMO1"
"ENSG00000126267" 381 7 0 0 0 0 381 11 0 0 0 0 381 67 0 0 0 0 "COX6B1"
"ENSG00000126756" 168 8 0 0 0 0 168 3 0 0 0 0 168 31 0 0 0 0 "UXT"
"ENSG00000126777" 564 14 2 0 0 0 564 12 0 2 0 0 564 18 0 0 0 0 "KTN1"
"ENSG00000127022" 1735 48 0 0 0 3 1735 6 0 0 0 0 1735 39 0 0 0 2 "CANX"
"ENSG00000127184" 423 9 0 0 0 0 423 11 4 0 0 0 423 52 0 0 0 0 "COX7C"
"ENSG00000127540" 93 0 0 0 0 0 93 9 0 0 0 0 93 27 0 0 0 0 "UQCR11"
"ENSG00000128050" 619 13 0 0 0 2 619 3 0 0 0 0 619 20 2 0 0 0 "PAICS"
"ENSG00000128463" 275 9 0 0 0 0 275 2 0 0 0 0 275 51 0 0 0 2 "EMC4"
"ENSG00000128951" 490 25 0 0 0 0 490 7 0 3 0 0 490 59 3 0 0 0 "DUT"
"ENSG00000130032" 165 2 0 0 0 0 165 0 0 0 0 0 165 112 0 0 0 0 "PRRG3"
"ENSG00000130255" 534 13 0 0 0 0 534 35 4 2 2 0 534 118 4 0 0 0 "RPL36"
"ENSG00000130741" 678 11 0 0 0 0 678 11 0 0 2 0 678 36 0 0 0 0 "EIF2S3"
"ENSG00000130770" 107 0 0 0 0 0 107 4 0 0 0 0 107 27 2 0 0 0 "ATPIF1"
"ENSG00000131143" 243 6 0 0 0 0 243 5 0 0 0 0 243 42 0 0 0 0 "COX4I1"
"ENSG00000131174" 266 9 0 0 0 0 266 9 0 0 0 0 266 49 0 0 0 0 "COX7B"
"ENSG00000131236" 397 17 2 0 2 0 397 8 0 6 0 0 397 23 0 0 0 0 "CAP1"
"ENSG00000131469" 502 18 0 5 2 0 502 6 2 0 0 0 502 68 3 0 0 0 "RPL27"
"ENSG00000131473" 954 19 0 0 0 0 954 7 0 0 0 0 954 31 0 0 0 0 "ACLY"
"ENSG00000131747" 1046 30 0 15 0 0 1046 16 0 0 0 0 1046 17 0 0 0 0 "TOP2A"
"ENSG00000131981" 101 0 0 0 0 0 101 6 0 0 3 0 101 27 0 0 0 0 "LGALS3"
"ENSG00000132341" 909 18 0 3 0 0 909 13 0 0 0 0 909 38 2 0 0 2 "RAN"
"ENSG00000132356" 702 13 0 2 0 0 702 5 0 0 0 0 702 16 0 0 0 0 "PRKAA1"
"ENSG00000132507" 648 4 0 0 0 0 648 3 0 0 0 0 648 44 5 0 0 0 "EIF5A"
"ENSG00000132640" 1068 26 4 0 0 0 1068 18 0 0 0 0 1068 25 0 0 0 0 "BTBD3"
"ENSG00000132646" 485 17 0 2 0 0 485 16 0 0 0 0 485 26 0 0 0 0 "PCNA"
"ENSG00000133112" 604 29 7 2 2 0 604 22 5 0 0 0 604 82 2 0 0 0 "TPT1"
"ENSG00000133302" 473 24 0 5 2 0 473 2 0 0 0 0 473 18 0 0 0 0 "ANKRD32"
"ENSG00000134046" 153 12 0 0 2 0 153 6 0 0 3 0 153 18 0 0 0 0 "MBD2"
"ENSG00000134057" 765 19 0 2 0 0 765 19 2 2 0 0 765 71 0 0 0 0 "CCNB1"
"ENSG00000134291" 250 5 0 0 0 0 250 5 0 0 0 0 250 21 0 0 0 0 "TMEM106C"
"ENSG00000134294" 1865 61 6 11 5 2 1865 16 0 0 0 0 1865 56 2 0 0 0 "SLC38A2"
"ENSG00000134333" 1480 28 0 0 5 0 1480 50 6 9 2 0 1480 167 10 6 3 4 "LDHA"
"ENSG00000134352" 645 19 2 3 0 0 645 6 0 0 0 0 645 9 0 0 0 0 "IL6ST"
"ENSG00000134419" 289 8 0 2 0 0 289 5 0 0 0 0 289 31 0 0 0 0 "RPS15A"
"ENSG00000135046" 582 3 0 0 0 0 582 8 0 0 0 0 582 39 0 0 0 0 "ANXA1"
"ENSG00000135316" 399 6 0 4 0 0 399 4 0 0 0 0 399 20 0 0 0 0 "SYNCRIP"
"ENSG00000135480" 782 15 0 0 0 0 782 13 0 5 0 0 782 49 0 0 0 0 "KRT7"
"ENSG00000135486" 352 10 0 0 0 2 352 4 2 0 0 0 352 17 0 0 0 0 "HNRNPA1"
"ENSG00000135535" 475 10 0 0 0 0 475 6 0 3 0 0 475 16 0 0 0 0 "CD164"
"ENSG00000135624" 542 17 0 0 0 2 542 12 2 2 5 0 542 57 0 0 0 0 "CCT7"
"ENSG00000135940" 223 11 2 0 0 0 223 12 2 0 0 0 223 37 0 0 0 0 "COX5B"
"ENSG00000136240" 392 7 0 0 0 0 392 13 0 2 0 0 392 17 0 0 0 0 "KDELR2"
"ENSG00000136450" 518 13 0 0 3 0 518 4 0 0 0 0 518 13 0 0 0 0 "SRSF1"
"ENSG00000136628" 561 14 0 3 2 0 561 8 0 2 0 0 561 42 0 0 0 0 "EPRS"
"ENSG00000136717" 119 12 2 0 3 0 119 2 0 0 0 0 119 16 0 0 2 0 "BIN1"
"ENSG00000136810" 510 22 0 0 0 0 510 5 0 0 0 0 510 57 0 0 0 0 "TXN"
"ENSG00000136930" 288 13 0 0 0 0 288 7 0 4 0 2 288 52 0 0 0 0 "PSMB7"
"ENSG00000136942" 806 31 0 0 0 0 806 18 0 0 0 0 806 237 7 0 0 2 "RPL35"
"ENSG00000136997" 1047 44 8 0 2 0 1047 13 0 0 0 0 1047 39 0 0 0 0 "MYC"
"ENSG00000137154" 3052 125 6 0 0 13 3052 40 2 2 0 0 3052 437 7 0 0 7 "RPS6"
"ENSG00000137710" 529 13 0 0 2 0 529 5 0 2 0 0 529 14 2 0 0 0 "RDX"
"ENSG00000137804" 444 18 0 0 0 0 444 10 3 0 0 0 444 22 0 0 0 0 "NUSAP1"
"ENSG00000137818" 2410 96 0 0 0 4 2410 58 2 5 0 0 2410 347 7 2 0 6 "RPLP1"
"ENSG00000138085" 190 7 0 0 0 0 190 5 0 0 0 0 190 20 0 0 0 0 "ATRAID"
"ENSG00000138326" 499 13 2 2 0 0 499 13 2 4 0 0 499 137 0 0 0 2 "RPS24"
"ENSG00000138434" 767 19 0 0 0 0 767 4 0 0 0 0 767 12 0 0 0 0 "SSFA2"
"ENSG00000138448" 1375 25 0 0 0 3 1375 3 0 0 0 0 1375 28 0 0 0 0 "ITGAV"
"ENSG00000139644" 839 15 0 0 0 0 839 11 0 0 0 0 839 64 0 0 0 0 "TMBIM6"
"ENSG00000139684" 116 2 0 0 0 0 116 2 0 0 0 0 116 37 0 0 0 0 "ESD"
"ENSG00000140264" 423 9 0 0 0 0 423 10 0 0 0 0 423 25 2 0 0 0 "HYPK"
"ENSG00000140319" 341 8 0 0 0 0 341 0 0 0 0 0 341 32 2 0 0 0 "SRP14"
"ENSG00000140575" 744 19 0 0 0 0 744 5 0 0 0 0 744 36 3 0 0 0 "IQGAP1"
"ENSG00000140612" 178 2 0 0 0 0 178 11 0 0 0 0 178 20 0 0 0 2 "SEC11A"
"ENSG00000140988" 1017 22 0 2 0 0 1017 6 0 0 0 0 1017 65 4 0 0 0 "RPS2"
"ENSG00000140990" 116 5 0 0 0 0 116 5 0 0 0 0 116 29 0 0 0 0 "NDUFB10"
"ENSG00000141367" 1016 17 2 0 0 2 1016 14 0 5 2 0 1016 26 2 0 0 2 "CLTC"
"ENSG00000141552" 147 3 0 0 0 0 147 11 0 0 0 0 147 17 0 0 0 0 "ANAPC11"
"ENSG00000142168" 235 3 0 0 0 0 235 5 0 0 0 0 235 31 0 0 0 0 "SOD1"
"ENSG00000142534" 800 69 0 3 0 4 800 46 7 0 0 0 800 141 4 0 0 0 "RPS11"
"ENSG00000142541" 1042 18 0 0 0 2 1042 5 0 0 0 0 1042 93 3 2 0 0 "RPL13A"
"ENSG00000142657" 399 18 0 0 0 0 399 15 2 3 0 0 399 27 2 0 0 0 "PGD"
"ENSG00000142676" 511 10 0 0 0 3 511 9 2 2 0 0 511 42 0 0 0 0 "RPL11"
"ENSG00000142864" 738 23 0 2 0 0 738 10 0 0 0 0 738 37 0 0 0 0 "SERBP1"
"ENSG00000142937" 800 58 0 0 0 2 800 9 0 0 0 0 800 42 0 0 0 0 "RPS8"
"ENSG00000143106" 275 4 0 0 0 0 275 3 0 0 0 0 275 37 0 0 0 2 "PSMA5"
"ENSG00000143321" 608 18 0 6 0 0 608 8 0 0 0 0 608 27 0 0 0 0 "HDGF"
"ENSG00000143771" 176 2 0 0 0 0 176 0 0 0 0 0 176 28 0 0 0 0 "CNIH4"
"ENSG00000143774" 260 10 0 0 0 0 260 9 0 0 0 0 260 41 3 0 0 0 "GUK1"
"ENSG00000143933" 457 27 0 3 2 0 457 8 3 0 0 0 457 58 0 0 0 0 "CALM2"
"ENSG00000143947" 420 3 0 0 0 0 420 0 0 0 0 0 420 64 0 0 0 0 "RPS27A"
"ENSG00000144381" 992 28 2 4 2 0 992 11 2 3 0 0 992 20 2 0 0 0 "HSPD1"
"ENSG00000144476" 387 10 2 0 2 0 387 11 0 0 0 0 387 15 0 0 0 0 "ACKR3"
"ENSG00000144713" 1037 23 0 0 2 0 1037 24 4 0 2 0 1037 262 4 0 0 2 "RPL32"
"ENSG00000145425" 452 8 0 0 0 0 452 0 0 0 0 0 452 79 2 0 0 0 "RPS3A"
"ENSG00000145494" 199 7 0 0 0 0 199 9 0 0 0 0 199 55 3 0 0 0 "NDUFS6"
"ENSG00000145592" 1823 19 0 0 0 0 1823 33 5 2 0 2 1823 260 11 2 0 3 "RPL37"
"ENSG00000145741" 351 11 0 0 2 0 351 10 2 4 0 0 351 26 0 0 0 0 "BTF3"
"ENSG00000145817" 213 5 0 0 0 0 213 5 0 0 0 0 213 25 0 0 0 0 "YIPF5"
"ENSG00000145907" 824 23 0 8 0 0 824 8 0 0 0 0 824 11 0 0 0 0 "G3BP1"
"ENSG00000146677" 251 4 0 0 0 0 251 3 0 0 0 0 251 57 0 0 0 0 NA
"ENSG00000146731" 705 25 0 0 2 0 705 14 0 3 2 0 705 42 0 0 0 0 "CCT6A"
"ENSG00000147123" 353 6 0 0 0 0 353 10 2 2 0 0 353 54 0 0 0 0 "NDUFB11"
"ENSG00000147403" 457 7 0 0 0 0 457 4 0 0 0 0 457 55 0 0 0 2 "RPL10"
"ENSG00000147604" 645 7 0 0 0 0 645 3 0 0 0 0 645 104 0 0 0 0 "RPL7"
"ENSG00000147649" 401 12 0 0 0 2 401 8 0 0 2 0 401 13 0 2 0 0 "MTDH"
"ENSG00000147677" 225 7 2 0 0 0 225 6 0 0 0 0 225 18 0 0 0 0 "EIF3H"
"ENSG00000147889" 882 27 0 4 0 0 882 5 0 0 0 0 882 36 0 0 0 4 "CDKN2A"
"ENSG00000148303" 2046 45 3 0 0 0 2046 28 7 6 0 0 2046 273 3 0 0 0 "RPL7A"
"ENSG00000149100" 369 7 0 0 0 0 369 0 0 0 0 0 369 36 0 0 0 0 "EIF3M"
"ENSG00000149273" 1995 78 5 5 2 12 1995 59 3 2 0 0 1995 321 3 0 0 5 "RPS3"
"ENSG00000149485" 838 9 0 0 0 0 838 6 0 0 0 0 838 26 0 0 0 2 "FADS1"
"ENSG00000149806" 387 35 0 0 0 0 387 15 3 0 0 0 387 53 2 0 0 0 "FAU"
"ENSG00000149923" 159 14 0 0 0 2 159 0 0 0 0 0 159 18 0 0 0 0 "PPP4C"
"ENSG00000149925" 1114 17 0 0 0 0 1114 13 2 0 0 0 1114 43 2 0 0 0 "ALDOA"
"ENSG00000150753" 1726 25 0 0 0 0 1726 5 0 0 0 0 1726 26 0 0 0 0 "CCT5"
"ENSG00000150991" 1645 30 2 0 3 0 1645 16 2 0 0 0 1645 32 0 0 0 0 "UBC"
"ENSG00000151012" 857 24 0 0 0 0 857 5 0 0 0 0 857 16 2 0 0 0 "SLC7A11"
"ENSG00000151465" 236 13 0 0 2 0 236 8 0 3 0 0 236 24 0 0 0 0 "CDC123"
"ENSG00000151632" 842 33 0 0 0 0 842 22 2 0 0 0 842 82 3 0 0 0 "AKR1C2"
"ENSG00000151914" 695 23 0 2 0 0 695 6 0 0 0 0 695 9 0 0 0 0 "DST"
"ENSG00000152234" 602 10 2 0 0 0 602 7 0 0 0 0 602 24 0 0 0 2 "ATP5A1"
"ENSG00000152952" 514 14 0 0 0 5 514 4 0 0 0 0 514 18 0 0 0 0 "PLOD2"
"ENSG00000153187" 720 23 3 4 0 2 720 7 0 3 2 0 720 18 0 0 0 0 "HNRNPU"
"ENSG00000153250" 272 17 2 4 0 2 272 6 0 0 0 0 272 10 0 0 0 0 "RBMS1"
"ENSG00000154473" 498 13 0 0 0 0 498 10 0 3 0 0 498 26 0 0 0 0 "BUB3"
"ENSG00000154518" 276 12 2 0 0 0 276 7 3 0 0 0 276 31 2 0 0 0 "ATP5G3"
"ENSG00000154582" 142 4 2 0 0 0 142 2 0 0 0 0 142 27 0 0 0 0 "TCEB1"
"ENSG00000155380" 457 10 2 0 0 0 457 2 0 0 0 0 457 24 0 0 0 0 "SLC16A1"
"ENSG00000156261" 350 11 4 0 0 0 350 6 2 0 0 0 350 19 0 0 0 0 "CCT8"
"ENSG00000156467" 173 7 0 0 0 0 173 11 0 0 0 0 173 35 0 0 0 0 "UQCRB"
"ENSG00000156471" 323 14 0 3 0 0 323 8 0 4 0 0 323 20 0 0 0 0 "PTDSS1"
"ENSG00000156482" 648 8 0 0 0 0 648 52 14 0 0 0 648 133 2 0 0 2 "RPL30"
"ENSG00000156508" 2703 33 0 0 0 0 2703 8 0 0 0 0 2703 50 3 0 0 0 "EEF1A1"
"ENSG00000158373" 3203 34 0 0 0 6 3203 3 0 0 0 0 3203 39 0 0 0 2 "HIST1H2BD"
"ENSG00000158406" 3478 34 0 0 0 2 3478 5 0 0 0 0 3478 25 0 0 0 2 "HIST1H4H"
"ENSG00000158710" 735 23 0 2 0 0 735 8 0 0 0 0 735 17 0 0 0 0 "TAGLN2"
"ENSG00000159176" 498 2 0 0 0 0 498 20 0 0 0 0 498 46 3 0 0 0 "CSRP1"
"ENSG00000159199" 206 10 0 0 0 0 206 5 0 0 0 0 206 24 0 0 0 0 "ATP5G1"
"ENSG00000159377" 309 10 0 4 2 0 309 17 0 2 0 0 309 42 0 0 0 0 "PSMB4"
"ENSG00000160049" 171 4 0 0 0 0 171 4 0 0 0 0 171 24 0 0 0 0 "DFFA"
"ENSG00000160789" 603 12 0 0 2 0 603 13 4 2 0 0 603 13 0 0 0 0 "LMNA"
"ENSG00000161016" 911 29 0 0 0 0 911 18 0 0 0 0 911 133 6 0 0 0 "RPL8"
"ENSG00000161057" 275 22 5 4 6 0 275 17 0 3 0 0 275 16 0 0 0 0 "PSMC2"
"ENSG00000161970" 361 8 0 0 0 0 361 5 0 0 0 0 361 120 2 0 0 3 "RPL26"
"ENSG00000162244" 350 8 0 0 0 0 350 9 0 2 2 0 350 33 2 0 0 0 "RPL29"
"ENSG00000162704" 516 17 0 4 0 0 516 3 0 0 0 0 516 14 0 0 0 0 "ARPC5"
"ENSG00000163399" 391 13 0 0 2 0 391 4 0 0 2 0 391 17 0 0 0 0 "ATP1A1"
"ENSG00000163430" 626 16 0 0 0 0 626 2 0 0 0 0 626 17 0 0 0 0 "FSTL1"
"ENSG00000163468" 872 27 7 0 0 0 872 14 0 7 0 0 872 33 0 0 0 0 "CCT3"
"ENSG00000163479" 281 5 0 0 0 0 281 2 0 0 0 0 281 25 0 0 0 0 "SSR2"
"ENSG00000163527" 711 13 0 0 0 0 711 6 0 2 0 0 711 20 0 0 0 2 "STT3B"
"ENSG00000163682" 531 14 0 0 0 0 531 6 2 0 0 0 531 84 0 0 0 0 "RPL9"
"ENSG00000163902" 495 7 0 0 0 0 495 7 0 0 0 0 495 17 0 0 0 0 "RPN1"
"ENSG00000163931" 1346 26 0 0 0 2 1346 10 0 4 0 0 1346 31 0 0 0 0 "TKT"
"ENSG00000164032" 1219 27 0 0 4 0 1219 32 6 5 0 0 1219 92 0 0 0 0 "H2AFZ"
"ENSG00000164104" 246 17 7 0 0 0 246 2 0 0 0 0 246 20 0 0 0 0 "HMGB2"
"ENSG00000164111" 640 25 0 0 0 0 640 3 0 0 0 0 640 51 2 0 0 0 "ANXA5"
"ENSG00000164176" 922 21 0 0 0 0 922 3 0 0 0 0 922 23 0 0 0 0 "EDIL3"
"ENSG00000164292" 475 13 0 4 0 0 475 8 0 2 0 0 475 14 0 0 0 0 "RHOBTB3"
"ENSG00000164405" 221 8 0 0 0 0 221 8 2 0 0 0 221 67 3 0 0 2 "UQCRQ"
"ENSG00000164587" 2433 65 3 0 0 2 2433 80 14 3 0 0 2433 302 3 0 0 2 "RPS14"
"ENSG00000164924" 702 7 0 0 0 0 702 3 0 0 0 0 702 27 0 0 0 0 "YWHAZ"
"ENSG00000165119" 550 8 0 0 0 0 550 5 0 0 0 0 550 24 0 0 0 0 "HNRNPK"
"ENSG00000165280" 820 23 0 0 0 2 820 16 0 2 0 0 820 20 0 0 0 0 "VCP"
"ENSG00000165283" 342 5 0 0 0 0 342 15 0 0 0 0 342 21 0 0 0 0 "STOML2"
"ENSG00000165629" 311 6 0 0 0 0 311 6 0 0 0 0 311 36 0 2 0 0 "ATP5C1"
"ENSG00000166012" 1294 15 0 0 0 0 1294 0 0 0 0 0 1294 29 0 0 0 0 "MIR1304"
"ENSG00000166226" 679 19 3 5 0 0 679 4 2 0 0 0 679 28 0 0 0 0 "CCT2"
"ENSG00000166441" 401 14 0 0 0 0 401 6 0 0 0 0 401 38 2 0 0 0 "RPL27A"
"ENSG00000166598" 624 25 0 0 2 2 624 3 0 0 0 0 624 22 0 0 0 0 "HSP90B1"
"ENSG00000166710" 2439 45 0 0 0 2 2439 16 0 0 0 0 2439 210 4 2 0 0 "B2M"
"ENSG00000166803" 585 18 8 4 0 0 585 2 0 0 0 0 585 18 0 0 0 0 "KIAA0101"
"ENSG00000166913" 427 5 0 0 0 0 427 2 0 0 0 0 427 24 0 0 0 0 "YWHAB"
"ENSG00000167112" 197 10 0 0 0 0 197 0 0 0 0 0 197 33 0 0 0 0 "TRUB2"
"ENSG00000167325" 540 6 0 0 0 0 540 5 0 3 0 0 540 26 3 0 0 0 "RRM1"
"ENSG00000167460" 804 17 4 2 0 0 804 18 0 0 0 0 804 48 2 0 0 4 "TPM4"
"ENSG00000167526" 898 22 0 0 0 0 898 17 0 0 0 0 898 51 0 0 0 0 "RPL13"
"ENSG00000167553" 1885 18 0 0 0 0 1885 7 0 0 0 0 1885 25 0 0 0 0 "TUBA1C"
"ENSG00000167658" 1729 19 0 0 0 2 1729 7 0 0 0 0 1729 30 0 0 0 2 "EEF2"
"ENSG00000167986" 653 12 0 0 2 0 653 11 3 0 4 0 653 24 2 0 0 0 "DDB1"
"ENSG00000168003" 1061 38 2 8 10 2 1061 14 3 0 0 0 1061 28 0 0 0 0 "SLC3A2"
"ENSG00000168028" 1026 19 0 0 0 0 1026 4 0 0 0 0 1026 97 5 0 0 6 "RPSA"
"ENSG00000168036" 1161 14 0 0 0 0 1161 8 0 0 0 0 1161 24 0 0 0 2 "CTNNB1"
"ENSG00000168242" 1914 26 0 0 0 0 1914 4 0 0 0 0 1914 20 0 0 0 2 "HIST1H2BG"
"ENSG00000168274" 1059 19 0 0 0 2 1059 3 0 0 0 0 1059 9 0 0 0 0 "HIST1H2AE"
"ENSG00000168298" 1547 48 0 0 0 11 1547 6 0 0 0 0 1547 30 2 0 0 0 "HIST1H1E"
"ENSG00000168385" 447 6 0 0 0 0 447 5 0 0 0 0 447 28 2 0 0 0 "SEPT2"
"ENSG00000168615" 659 16 0 2 0 0 659 2 0 0 0 0 659 20 0 0 0 0 "ADAM9"
"ENSG00000168653" 141 4 0 0 0 0 141 5 2 0 2 0 141 25 0 0 0 0 "NDUFS5"
"ENSG00000168724" 277 11 0 0 0 0 277 5 0 0 0 0 277 15 0 0 0 0 "DNAJC21"
"ENSG00000168958" 270 3 0 0 0 0 270 2 0 0 0 0 270 27 0 0 0 0 "MFF"
"ENSG00000169045" 654 17 0 0 2 0 654 3 0 0 0 0 654 14 0 0 0 0 "HNRNPH1"
"ENSG00000169627" 265 3 0 0 0 0 265 7 2 0 0 0 265 33 0 0 0 0 "BOLA2B"
"ENSG00000169715" 481 29 3 2 0 0 481 29 6 5 0 0 481 41 0 0 0 0 "MT1E"
"ENSG00000169813" 279 9 4 0 0 0 279 8 4 0 0 0 279 16 0 0 0 0 "HNRNPF"
"ENSG00000169908" 441 13 6 0 0 0 441 9 0 0 0 0 441 23 0 0 0 0 "TM4SF1"
"ENSG00000170312" 510 14 2 0 3 0 510 6 0 0 0 0 510 19 0 0 0 0 "CDK1"
"ENSG00000170421" 734 13 0 0 0 0 734 11 0 0 0 0 734 31 0 0 0 0 "KRT8"
"ENSG00000170540" 565 12 0 0 0 0 565 5 0 0 0 0 565 18 0 0 0 2 "ARL6IP1"
"ENSG00000170606" 325 2 0 0 0 0 325 6 0 0 3 0 325 28 0 0 0 0 "HSPA4"
"ENSG00000170860" 115 2 0 0 0 0 115 7 2 2 0 0 115 33 0 0 0 0 "LSM3"
"ENSG00000170889" 405 9 0 0 0 0 405 8 0 0 0 0 405 39 0 0 0 0 "RPS9"
"ENSG00000171421" 190 8 0 0 0 0 190 8 0 0 0 0 190 15 0 0 0 0 "MRPL36"
"ENSG00000171858" 1221 34 7 0 0 0 1221 8 3 0 0 0 1221 300 0 0 0 0 "RPS21"
"ENSG00000171863" 877 11 0 0 0 0 877 3 0 0 0 0 877 105 4 0 0 2 "RPS7"
"ENSG00000172115" 376 13 0 2 0 0 376 10 0 3 0 0 376 45 0 0 0 0 "CYCS"
"ENSG00000172572" 1076 17 2 0 0 0 1076 4 0 0 0 0 1076 22 0 0 0 0 "PDE3A"
"ENSG00000172757" 781 9 0 0 0 0 781 4 0 0 0 0 781 90 8 0 0 0 "CFL1"
"ENSG00000172809" 964 17 5 0 0 0 964 9 2 0 0 0 964 397 4 0 0 0 "RPL38"
"ENSG00000173113" 239 6 0 0 0 0 239 5 0 2 0 0 239 28 0 0 0 0 "TRMT112"
"ENSG00000173486" 83 5 0 0 0 0 83 0 0 0 0 0 83 26 2 0 0 0 "FKBP2"
"ENSG00000173660" 317 7 0 0 0 0 317 19 3 2 2 0 317 52 3 0 0 0 "UQCRH"
"ENSG00000173692" 273 5 0 0 0 0 273 12 0 0 0 0 273 15 0 0 0 0 "PSMD1"
"ENSG00000173726" 349 13 0 0 0 0 349 2 0 0 0 0 349 15 0 0 0 0 "TOMM20"
"ENSG00000173915" 150 0 0 0 0 0 150 4 0 2 0 0 150 40 0 0 0 0 "USMG5"
"ENSG00000174231" 500 19 0 3 2 0 500 3 0 0 0 0 500 10 0 0 0 0 "PRPF8"
"ENSG00000174444" 2366 41 3 2 0 0 2366 19 0 0 0 0 2366 93 0 0 0 4 "SNORD16"
"ENSG00000174695" 321 9 0 0 0 2 321 5 2 0 0 0 321 17 0 0 0 0 "TMEM167A"
"ENSG00000174748" 1340 21 0 0 0 0 1340 9 2 0 0 0 1340 76 2 0 0 0 "RPL15"
"ENSG00000176340" 304 3 0 0 0 0 304 16 7 0 0 0 304 31 0 0 0 0 "COX8A"
"ENSG00000176788" 882 21 0 0 2 0 882 10 0 2 0 0 882 90 0 0 0 2 "BASP1"
"ENSG00000177600" 330 7 0 0 0 0 330 14 0 0 0 0 330 50 0 0 0 0 "RPLP2"
"ENSG00000177954" 256 4 0 0 0 0 256 2 2 0 0 0 256 119 3 0 0 0 "RPS27"
"ENSG00000178035" 348 12 0 0 0 0 348 3 0 0 0 0 348 19 0 0 0 0 "IMPDH2"
"ENSG00000178172" 539 21 0 0 0 3 539 22 0 0 0 0 539 64 4 0 0 0 "SPINK6"
"ENSG00000178952" 371 10 0 0 0 2 371 6 0 0 0 0 371 29 0 0 0 0 "TUFM"
"ENSG00000178982" 172 8 0 0 0 0 172 4 0 0 0 0 172 22 0 0 0 0 "EIF3K"
"ENSG00000179091" 387 11 0 0 0 0 387 11 2 0 0 0 387 28 4 0 0 0 "CYC1"
"ENSG00000180211" 65 2 0 0 0 0 65 5 0 0 0 0 65 26 0 0 0 0 NA
"ENSG00000180573" 4172 46 0 0 0 5 4172 11 0 0 0 0 4172 41 0 0 0 3 "HIST1H2AC"
"ENSG00000180596" 6023 60 2 0 0 7 6023 17 0 0 0 0 6023 66 2 0 0 2 "HIST1H2BG"
"ENSG00000180817" 252 9 2 0 0 0 252 11 2 0 3 0 252 20 0 0 0 0 "PPA1"
"ENSG00000180879" 151 5 0 0 0 0 151 3 0 0 0 0 151 25 0 0 0 0 "SSR4"
"ENSG00000181019" 729 21 0 0 0 0 729 9 2 2 0 0 729 37 0 0 0 0 "NQO1"
"ENSG00000181163" 1055 29 2 2 2 0 1055 14 0 0 0 0 1055 47 3 0 0 0 "NPM1"
"ENSG00000182117" 302 8 0 0 0 0 302 5 0 0 0 0 302 34 0 0 0 0 "NOP10"
"ENSG00000182217" 7393 57 3 0 0 3 7393 12 0 0 0 0 7393 60 0 0 0 0 "HIST4H4"
"ENSG00000182481" 541 23 4 5 3 0 541 16 2 0 0 0 541 24 0 0 0 2 "KPNA2"
"ENSG00000182611" 1111 66 0 0 0 0 1111 4 0 0 0 0 1111 15 0 0 0 0 "HIST1H2AJ"
"ENSG00000182718" 1427 22 0 3 0 0 1427 26 5 4 0 0 1427 156 5 0 0 4 "ANXA2"
"ENSG00000182774" 614 13 0 0 0 0 614 30 0 0 0 0 614 149 2 0 0 2 "RPS17"
"ENSG00000182899" 1017 60 0 8 2 0 1017 23 2 0 2 0 1017 225 0 0 0 2 "RPL35A"
"ENSG00000183011" 219 7 3 0 0 0 219 5 0 0 0 0 219 30 0 0 0 0 "NAA38"
"ENSG00000183298" 158 2 0 0 0 0 158 0 0 0 0 0 158 28 0 0 0 0 NA
"ENSG00000183405" 893 17 0 0 0 0 893 6 0 0 0 0 893 137 5 0 0 0 NA
"ENSG00000183558" 30298 404 13 4 0 22 30298 66 4 0 0 8 30298 304 12 2 0 39 "HIST2H2AA4"
"ENSG00000183598" 2514 19 0 0 0 0 2514 3 0 0 0 0 2514 20 0 0 0 0 "HIST2H3D"
"ENSG00000184007" 536 7 0 0 0 0 536 3 0 0 0 0 536 21 0 0 0 0 "PTP4A2"
"ENSG00000184009" 3809 55 3 4 0 2 3809 56 10 5 6 2 3809 124 2 3 0 3 "ACTG1"
"ENSG00000184110" 443 4 0 0 0 0 443 22 3 0 0 0 443 39 0 0 0 0 "EIF3C"
"ENSG00000184260" 5025 112 0 0 0 42 5025 12 0 0 0 0 5025 71 0 0 0 2 "HIST2H2AC"
"ENSG00000184270" 1828 21 0 0 0 0 1828 7 0 0 0 0 1828 15 0 0 0 0 "HIST2H2AB"
"ENSG00000184348" 1675 96 0 0 0 0 1675 4 0 0 0 0 1675 18 0 0 0 0 "HIST1H2AI"
"ENSG00000184357" 2707 37 0 0 0 0 2707 8 0 0 0 0 2707 42 0 0 0 0 "HIST1H1B"
"ENSG00000184678" 8518 66 4 0 0 9 8518 13 2 0 0 3 8518 104 5 0 0 7 "HIST2H2BE"
"ENSG00000184779" 150 4 0 0 0 0 150 0 0 0 0 0 150 45 2 0 0 0 "RPS17"
"ENSG00000184825" 5130 333 0 0 0 5 5130 10 0 3 0 0 5130 62 3 0 0 0 "HIST1H2AH"
"ENSG00000185130" 2993 34 0 0 0 3 2993 0 0 0 0 0 2993 30 0 0 0 2 "HIST1H2BL"
"ENSG00000186298" 281 12 3 4 0 0 281 2 0 0 0 0 281 21 0 0 0 0 "PPP1CC"
"ENSG00000186468" 252 6 0 0 0 0 252 0 0 0 0 0 252 60 0 0 0 4 "RPS23"
"ENSG00000187109" 351 11 0 0 0 2 351 2 0 0 0 0 351 19 0 0 0 0 "NAP1L1"
"ENSG00000187134" 412 12 0 0 0 0 412 6 0 2 0 0 412 25 0 0 0 0 "AKR1C1"
"ENSG00000187514" 493 13 0 0 0 5 493 5 0 0 0 0 493 16 0 0 0 2 "PTMA"
"ENSG00000187837" 2971 126 2 0 0 4 2971 12 2 0 0 0 2971 32 3 0 0 0 "HIST1H1C"
"ENSG00000187990" 4122 58 0 0 0 0 4122 8 0 0 0 2 4122 43 2 0 0 4 "HIST1H2BG"
"ENSG00000188186" 95 7 0 0 0 0 95 3 0 0 0 0 95 21 0 0 0 0 "LAMTOR4"
"ENSG00000188846" 637 17 0 0 0 0 637 10 2 0 0 0 637 123 2 0 0 0 "RPL14"
"ENSG00000188987" 2299 14 0 0 0 0 2299 3 0 0 0 0 2299 24 0 0 0 0 "HIST4H4"
"ENSG00000189043" 511 12 0 0 0 0 511 9 0 0 0 0 511 83 0 0 0 2 "NDUFA4"
"ENSG00000189159" 248 16 0 0 0 2 248 9 3 0 0 0 248 33 0 0 0 2 "HN1"
"ENSG00000196139" 763 11 0 0 0 0 763 20 5 0 0 0 763 55 0 0 0 0 "AKR1C3"
"ENSG00000196154" 480 15 0 0 0 0 480 12 0 0 0 0 480 54 2 0 0 2 "S100A4"
"ENSG00000196205" 1320 10 0 0 0 0 1320 0 0 0 0 0 1320 32 4 0 0 0 NA
"ENSG00000196262" 757 15 0 0 0 0 757 3 0 0 0 0 757 57 2 0 0 0 "PPIA"
"ENSG00000196305" 720 10 0 0 0 0 720 12 0 0 0 0 720 15 0 0 0 0 "IARS"
"ENSG00000196331" 3728 41 4 0 0 0 3728 7 0 0 0 0 3728 37 3 0 0 2 "HIST1H2BO"
"ENSG00000196352" 497 9 0 0 0 0 497 7 0 3 0 0 497 17 0 0 0 0 "CD55"
"ENSG00000196531" 591 4 0 0 0 0 591 6 0 0 0 0 591 39 0 0 0 0 "NACA"
"ENSG00000196683" 127 4 0 0 0 0 127 3 0 0 0 0 127 36 0 0 0 0 "TOMM7"
"ENSG00000196747" 7649 96 3 0 0 7 7649 26 2 0 0 0 7649 89 3 0 0 2 "HIST1H2AI"
"ENSG00000196787" 9613 100 0 0 0 5 9613 19 0 0 0 2 9613 128 2 0 0 9 "HIST1H2AI"
"ENSG00000196924" 1874 19 0 0 0 0 1874 6 0 0 2 0 1874 25 0 0 0 2 "FLNA"
"ENSG00000197061" 6278 106 0 0 0 13 6278 160 0 0 0 14 6278 88 0 0 0 8 "HIST4H4"
"ENSG00000197157" 407 6 0 0 2 0 407 6 0 0 2 0 407 21 0 0 0 0 "SND1"
"ENSG00000197409" 4673 45 4 0 0 4 4673 7 0 0 0 0 4673 40 0 0 0 5 "HIST1H3A"
"ENSG00000197451" 196 8 2 4 0 0 196 12 3 4 0 0 196 15 0 0 0 0 "HNRNPAB"
"ENSG00000197459" 2265 31 0 0 0 0 2265 4 0 0 0 0 2265 24 0 0 0 2 "HIST1H2BH"
"ENSG00000197694" 1044 33 2 11 2 2 1044 9 0 2 0 0 1044 24 0 0 0 0 "SPTAN1"
"ENSG00000197756" 1507 23 0 0 0 0 1507 38 9 4 0 0 1507 408 6 0 0 2 "RPL37A"
"ENSG00000197846" 5195 63 0 0 0 7 5195 8 0 0 0 0 5195 54 0 0 0 4 "HIST1H2BG"
"ENSG00000197903" 2315 29 0 0 0 2 2315 10 0 0 0 0 2315 43 2 0 0 0 "HIST1H2BK"
"ENSG00000197914" 7464 126 0 0 0 5 7464 16 0 0 0 2 7464 45 0 0 0 2 "HIST4H4"
"ENSG00000197956" 1538 36 0 0 0 2 1538 58 2 0 0 0 1538 245 4 0 0 7 "S100A6"
"ENSG00000197958" 973 34 0 0 0 9 973 21 0 0 0 0 973 109 4 0 0 5 "RPL12"
"ENSG00000198034" 863 12 2 0 0 0 863 10 3 0 0 0 863 69 0 0 0 0 "RPS4X"
"ENSG00000198242" 263 7 0 0 0 0 263 9 0 0 0 0 263 60 0 0 0 0 "SNORD42A"
"ENSG00000198258" 143 9 0 0 0 0 143 2 0 0 0 0 143 26 0 0 0 0 "UBL5"
"ENSG00000198339" 2012 33 2 0 0 0 2012 0 0 0 0 0 2012 23 0 0 0 0 "HIST4H4"
"ENSG00000198363" 1134 13 0 0 0 0 1134 5 0 0 0 0 1134 38 0 0 0 2 "ASPH"
"ENSG00000198366" 3291 31 0 0 0 0 3291 5 0 0 0 0 3291 26 0 0 0 0 "HIST1H3A"
"ENSG00000198374" 2464 27 0 0 0 2 2464 4 0 0 0 0 2464 17 0 0 0 2 "HIST1H2AI"
"ENSG00000198431" 1336 17 3 0 0 0 1336 17 4 2 0 0 1336 41 3 0 0 0 "TXNRD1"
"ENSG00000198467" 472 12 0 0 0 0 472 13 0 0 0 0 472 65 2 2 0 2 "TPM2"
"ENSG00000198518" 1934 20 0 0 0 0 1934 3 0 0 0 0 1934 13 0 0 0 0 "HIST4H4"
"ENSG00000198668" 523 18 4 0 0 0 523 5 0 2 0 0 523 37 0 0 0 0 "CALM1"
"ENSG00000198677" 479 16 3 4 0 2 479 6 0 0 0 0 479 22 0 0 0 0 "TTC37"
"ENSG00000198744" 235 4 0 0 0 0 235 12 0 0 0 0 235 58 0 0 0 0 "LOC101929612"
"ENSG00000198755" 716 19 0 0 0 0 716 4 0 0 0 0 716 61 0 0 0 4 "RPL10A"
"ENSG00000198856" 233 8 0 0 0 0 233 13 0 2 2 0 233 20 0 0 0 0 "OSTC"
"ENSG00000198901" 312 14 2 0 3 0 312 3 0 0 0 0 312 16 0 0 0 0 "PRC1"
"ENSG00000198918" 279 7 0 0 0 0 279 8 0 0 0 0 279 70 0 0 0 0 "RPL39"
"ENSG00000200087" 2241 20 0 0 0 0 2241 6 0 0 0 0 2241 24 0 0 0 0 "RNU105A"
"ENSG00000200312" 2657 40 0 0 0 2 2657 6 0 0 0 0 2657 30 0 0 0 2 NA
"ENSG00000201428" 16699 224 7 5 0 13 16699 78 0 0 0 0 16699 277 11 3 0 5 NA
"ENSG00000201793" 1292 23 0 0 0 0 1292 14 0 0 0 0 1292 13 2 0 0 0 NA
"ENSG00000202058" 4324 57 2 0 2 6 4324 27 0 2 0 4 4324 73 0 0 0 0 NA
"ENSG00000202198" 7459 113 4 0 0 3 7459 46 3 4 0 2 7459 139 0 0 0 0 "RN7SK"
"ENSG00000203811" 18297 178 5 3 0 13 18297 26 0 0 0 2 18297 171 9 0 0 15 "HIST2H3C"
"ENSG00000203813" 11178 97 5 0 0 6 11178 23 0 0 0 5 11178 120 4 0 0 2 "HIST1H3A"
"ENSG00000203814" 3314 30 2 0 0 0 3314 12 0 0 0 0 3314 34 0 0 0 2 "HIST2H2BF"
"ENSG00000204628" 2865 82 3 2 2 0 2865 35 5 0 3 0 2865 275 4 0 0 0 "GNB2L1"
"ENSG00000204652" 94 6 0 0 0 0 94 0 0 0 0 0 94 25 0 0 0 0 NA
"ENSG00000205246" 520 26 0 0 0 0 520 5 0 0 0 0 520 41 6 0 0 0 "RPSAP58"
"ENSG00000205339" 505 11 2 0 0 0 505 4 0 0 0 0 505 16 0 0 0 0 "IPO7"
"ENSG00000205542" 1168 18 0 0 0 0 1168 3 0 0 0 0 1168 55 0 0 0 0 "TMSB4X"
"ENSG00000207418" 2591 17 0 0 0 0 2591 2 0 0 0 0 2591 20 2 0 0 2 "RNVU1-7"
"ENSG00000212664" 317 8 0 0 0 0 317 0 0 0 0 0 317 32 0 0 0 0 NA
"ENSG00000212802" 346 4 0 0 0 0 346 3 2 0 0 0 346 28 0 0 0 0 NA
"ENSG00000213244" 1987 19 0 0 0 0 1987 3 0 0 0 0 1987 16 0 0 0 0 NA
"ENSG00000213315" 177 28 0 0 0 0 177 5 0 0 0 0 177 36 0 0 0 0 NA
"ENSG00000213442" 204 5 0 0 0 0 204 2 0 0 0 0 204 95 3 0 0 0 NA
"ENSG00000213585" 441 10 0 2 0 0 441 6 0 2 0 0 441 26 0 0 0 0 "VDAC1"
"ENSG00000213598" 447 9 0 0 0 0 447 13 0 0 0 0 447 75 0 0 0 0 NA
"ENSG00000213609" 213 7 2 2 0 0 213 4 0 0 0 0 213 62 0 0 0 0 NA
"ENSG00000213639" 637 15 2 0 0 0 637 7 0 0 0 0 637 35 0 2 0 0 "PPP1CB"
"ENSG00000213741" 246 0 0 0 0 0 246 0 0 0 0 0 246 86 0 0 0 0 "RPS29"
"ENSG00000213860" 87 0 0 0 0 0 87 0 0 0 0 0 87 31 3 0 0 0 "RPL21P28"
"ENSG00000214199" 542 3 0 0 0 0 542 3 0 0 0 0 542 57 0 0 0 0 NA
"ENSG00000214391" 611 10 0 0 0 0 611 6 0 0 0 0 611 19 0 0 0 0 NA
"ENSG00000215021" 353 8 0 0 0 0 353 8 2 0 0 0 353 15 0 0 0 0 "PHB2"
"ENSG00000215030" 526 16 0 0 0 0 526 12 0 0 0 0 526 85 3 0 0 3 NA
"ENSG00000219451" 127 3 0 0 0 0 127 4 0 0 0 0 127 46 0 0 0 0 "RPL23P8"
"ENSG00000221983" 234 8 0 0 0 0 234 11 2 0 0 0 234 29 0 0 0 0 "UBA52"
"ENSG00000224631" 189 3 0 0 0 0 189 0 0 0 0 0 189 46 0 0 0 0 NA
"ENSG00000225405" 125 6 0 0 0 0 125 0 0 0 0 0 125 55 0 0 0 0 NA
"ENSG00000225630" 557 15 0 0 0 0 557 9 0 0 0 0 557 21 0 0 0 0 NA
"ENSG00000225972" 215 3 0 0 0 0 215 8 0 0 0 0 215 24 0 0 0 0 NA
"ENSG00000226396" 170 4 0 0 0 0 170 6 0 0 0 0 170 21 0 0 0 0 "RPS14P3"
"ENSG00000226525" 147 0 0 0 0 0 147 0 0 0 0 0 147 30 0 0 0 0 NA
"ENSG00000227008" 180 0 0 0 0 0 180 0 0 0 0 0 180 45 0 0 0 0 NA
"ENSG00000227063" 357 6 0 0 2 0 357 3 0 0 0 0 357 89 2 0 0 0 NA
"ENSG00000227081" 84 2 0 0 0 0 84 0 0 0 0 0 84 43 0 0 0 2 NA
"ENSG00000228462" 65 0 0 0 0 0 65 0 0 0 0 0 65 39 0 0 0 0 NA
"ENSG00000228499" 66 2 0 0 0 0 66 7 0 0 0 0 66 29 4 0 0 0 NA
"ENSG00000228665" 176 0 0 0 0 0 176 2 0 0 0 0 176 62 0 0 0 0 NA
"ENSG00000228929" 276 7 0 0 0 0 276 5 0 0 0 0 276 50 0 0 0 0 NA
"ENSG00000229117" 528 10 0 0 0 0 528 3 0 0 0 0 528 94 2 0 0 0 "RPL41"
"ENSG00000229119" 571 14 0 0 0 0 571 12 3 3 3 0 571 93 4 0 0 0 NA
"ENSG00000229132" 274 5 2 0 0 0 274 7 3 2 0 0 274 20 0 0 0 0 NA
"ENSG00000229994" 124 0 0 0 0 0 124 0 0 0 0 0 124 39 0 0 0 0 NA
"ENSG00000230629" 141 0 0 0 0 0 141 0 0 0 0 0 141 49 0 0 0 0 NA
"ENSG00000230979" 132 2 0 0 0 0 132 2 0 0 0 0 132 35 0 0 0 0 NA
"ENSG00000231500" 610 4 0 0 0 0 610 11 2 0 0 0 610 75 0 0 0 0 "RPS18"
"ENSG00000232112" 139 2 0 0 0 0 139 6 0 0 0 0 139 27 0 0 0 0 "TMA7"
"ENSG00000232341" 89 4 0 0 0 0 89 0 0 0 0 0 89 27 0 0 0 0 NA
"ENSG00000233224" 286 92 0 0 0 0 286 0 0 0 0 0 286 5 0 0 0 0 "HIST1H2AI"
"ENSG00000233762" 232 0 0 0 0 0 232 0 0 0 0 0 232 31 0 0 0 0 NA
"ENSG00000233822" 2265 17 0 0 0 0 2265 2 0 0 0 0 2265 22 0 0 0 0 "HIST1H2BN"
"ENSG00000233913" 456 14 0 0 0 0 456 14 4 0 0 2 456 74 2 0 0 2 NA
"ENSG00000233966" 172 5 0 0 0 0 172 4 3 0 0 0 172 26 3 0 0 0 NA
"ENSG00000234289" 2073 16 0 0 0 0 2073 7 0 0 0 0 2073 31 0 0 0 3 NA
"ENSG00000234741" 1992 94 0 0 0 0 1992 16 0 0 0 0 1992 71 2 0 0 2 "GAS5"
"ENSG00000235065" 118 0 0 0 0 0 118 5 0 0 0 0 118 26 0 0 0 0 NA
"ENSG00000235552" 980 14 0 0 0 2 980 5 0 0 0 0 980 143 0 0 0 0 NA
"ENSG00000236189" 94 4 0 0 0 0 94 4 2 0 0 0 94 33 0 0 0 0 NA
"ENSG00000236552" 365 6 0 0 0 0 365 4 0 0 0 0 365 111 0 0 0 0 "RPL13AP5"
"ENSG00000237550" 300 5 0 0 2 0 300 5 0 0 0 0 300 29 2 0 0 0 NA
"ENSG00000237729" 76 0 0 0 0 0 76 0 0 0 0 0 76 38 3 0 0 0 NA
"ENSG00000237973" 3673 123 3 0 0 8 3673 68 0 0 0 0 3673 130 0 0 0 8 "LOC101926970"
"ENSG00000237991" 217 7 0 0 0 0 217 0 0 0 0 0 217 40 2 0 0 0 NA
"ENSG00000239672" 223 8 0 0 0 0 223 7 0 0 0 0 223 39 0 0 0 0 "NME1"
"ENSG00000240869" 7070 65 0 0 0 0 7070 12 0 0 0 0 7070 45 0 0 0 2 NA
"ENSG00000241008" 78 0 0 0 0 0 78 0 0 0 0 0 78 35 0 0 0 0 NA
"ENSG00000241468" 203 15 0 0 0 2 203 4 2 0 0 0 203 58 0 0 0 0 "ATP5J2"
"ENSG00000241553" 319 10 0 0 0 0 319 7 0 0 0 0 319 23 0 0 0 0 "ARPC4"
"ENSG00000242071" 454 6 0 0 0 0 454 4 0 0 0 0 454 66 0 0 0 0 NA
"ENSG00000242125" 1465 32 0 0 0 3 1465 5 0 0 0 0 1465 10 0 0 0 2 "SNHG3"
"ENSG00000242265" 540 12 3 0 0 0 540 4 0 0 0 0 540 15 0 0 0 0 "PEG10"
"ENSG00000242299" 689 23 0 0 0 0 689 8 4 2 0 0 689 110 0 0 0 2 NA
"ENSG00000242716" 5493 29 0 0 0 0 5493 6 0 0 0 0 5493 49 0 0 0 2 "RNA5-8S5"
"ENSG00000243721" 133 2 0 0 0 0 133 2 0 0 0 0 133 29 0 0 0 0 NA
"ENSG00000243829" 85 4 0 0 0 0 85 3 0 0 0 0 85 28 2 0 0 0 NA
"ENSG00000244313" 405 6 0 0 0 0 405 4 0 0 0 0 405 37 0 0 0 0 NA
"ENSG00000244398" 120 3 0 0 0 0 120 0 0 0 0 0 120 37 0 0 0 0 NA
"ENSG00000249264" 584 7 2 0 0 0 584 2 0 0 0 0 584 26 0 0 0 0 NA
"ENSG00000250182" 1257 23 2 0 0 2 1257 6 0 0 0 0 1257 36 0 0 0 0 NA
"ENSG00000251562" 3729 48 2 0 0 4 3729 111 0 0 0 0 3729 79 0 0 0 2 "MALAT1"
"ENSG00000253626" 218 4 0 0 0 0 218 6 0 0 0 0 218 32 0 0 0 0 "EIF5AL1"
"ENSG00000253729" 1086 20 2 0 0 0 1086 7 0 0 0 0 1086 15 0 0 0 0 "PRKDC"
"ENSG00000255717" 1435 148 0 5 0 0 1435 7 0 0 0 0 1435 26 0 0 0 0 "SNHG1"
"ENSG00000256018" 7097 102 0 0 0 4 7097 14 2 0 0 4 7097 59 0 0 0 5 "HIST1H3A"
"ENSG00000256316" 8995 98 4 3 0 6 8995 14 0 0 0 0 8995 85 2 0 0 6 "HIST1H3A"
"ENSG00000256338" 440 9 2 0 0 0 440 2 0 0 0 0 440 114 4 0 0 0 NA
"ENSG00000258477" 386 8 2 0 0 0 386 0 0 0 0 0 386 59 0 0 0 3 NA
"ENSG00000258486" 7283 111 3 0 0 9 7283 22 0 0 0 0 7283 89 0 0 0 2 "RN7SL1"
"ENSG00000259001" 483483 3831 184 172 21 227 483483 812 58 27 2 59 483483 3992 164 97 4 198 "RPPH1"
"ENSG00000263740" 13257 131 0 5 0 10 13257 39 2 0 0 0 13257 134 2 2 0 2 NA
"ENSG00000265150" 13952 170 2 2 0 2 13952 43 2 3 0 0 13952 210 6 0 0 0 "RN7SL2"
"ENSG00000265735" 9132 102 0 2 0 0 9132 27 2 0 0 0 9132 89 2 0 0 0 NA
"ENSG00000266037" 3773 39 0 0 0 0 3773 10 0 0 0 0 3773 53 0 0 0 0 NA
"ENSG00000266658" 16651 172 4 0 0 11 16651 51 0 0 0 0 16651 167 4 0 0 3 "RNA28S5"
"ENSG00000269900" 13747 127 0 0 0 10 13747 31 0 0 0 2 13747 116 0 0 0 5 "RMRP"
"ENSG00000270066" 3793 20 0 0 0 0 3793 6 0 0 0 0 3793 23 0 0 0 0 "SCARNA2"
"ENSG00000270141" 1468 25 0 0 0 0 1468 7 0 0 0 0 1468 17 0 0 0 0 "TERC"
"ENSG00000272060" 1336 21 0 0 0 2 1336 7 0 0 0 0 1336 11 0 0 0 0 "RNA18S5"
