"logFC"	"AveExpr"	"t"	"P.Value"	"adj.P.Val"	"B"
"miR-124-3p"	8.53632215233004	3.40910466025514	7.73175371996833	8.69794873855432e-06	0.00515788360196271	3.41160303892274
"miR-4640-5p"	4.43986689849391	6.44817378066139	5.35593780275868	0.000226932734630167	0.0672855558178444	0.880152559551312
"miR-6794-5p"	2.95402318741095	5.42442684603649	4.3729475459977	0.00109632841045461	0.216707582466528	-0.540160276746126
"miR-7150"	-2.36780604222009	8.22904086251814	-3.99780231908056	0.00206932235672684	0.229607833334292	-1.1114646334253
"miR-3175"	-2.80952668257707	2.97088861816918	-3.93740013542562	0.00229581188629517	0.229607833334292	-1.22499182443539
"miR-6850-5p"	2.15920120227322	5.86493431902436	3.84619531540754	0.00268771535146513	0.229607833334292	-1.35515160646155
"miR-211-3p"	2.19173869347791	4.82902347379509	3.84135066707256	0.00271037914559873	0.229607833334292	-1.35725609078041
"miR-4763-3p"	4.11278624778792	7.31798986657811	3.55404325247575	0.00447843020556914	0.290826446039083	-1.83521721366785
"miR-5096"	1.70866902503921	13.3891692913433	3.58704847572515	0.00422571623749515	0.290826446039083	-1.86507289697405
"miR-1343-5p"	2.12416691559605	5.85620362988988	3.50252697015936	0.0049043245537788	0.290826446039083	-1.90558925827431
"miR-3187-5p"	3.62395034403752	3.68569804758819	3.34515127190814	0.00648121139961227	0.349396214542734	-2.11007725405375
"miR-92b-3p"	-2.76387285928312	7.73047678919727	-3.03244753636084	0.0113268842079213	0.507080621173078	-2.60131218214312
"miR-7158-5p"	2.16469101429036	3.74648892038853	2.96525353915985	0.0127765272122458	0.507080621173078	-2.68735224431237
"miR-92a-3p"	-1.78172139739197	9.91527138057623	-3.02080591864866	0.0115656213496493	0.507080621173078	-2.6992016540729
"miR-6746-3p"	1.66818718789947	5.1685525882454	2.96306934647562	0.0128266598947659	0.507080621173078	-2.77036466570241
"miR-1910-3p"	2.45813156103906	3.50405705312882	2.88149150167012	0.0148474613208444	0.519909291704313	-2.80273476864502
"miR-4640-3p"	-2.27088823722344	3.80122924952698	-2.87934821927226	0.0149046508583024	0.519909291704313	-2.82169665079382
"miR-4736"	2.35394821199038	2.78514889177837	2.62853046597131	0.02336359821121	0.729190196802503	-3.16629784476381
"miR-6512-3p"	1.48441058668014	5.36806835705079	2.68241746818256	0.0212155147483629	0.698933346987735	-3.23017550095203
"miR-7515"	-1.76966118299603	2.40667246582195	-2.5443218859229	0.0271568864628324	0.766858746307601	-3.34115488765865
"miR-1273e"	1.38906815849054	8.73214304745723	2.59459883863929	0.0248248955248861	0.736058152312872	-3.40032164464989
"miR-422a"	-2.02545354454061	4.67894025656871	-2.37287057980746	0.0368363504460479	0.78160174194407	-3.53540500507217
"miR-6781-5p"	1.60225671398084	6.54633565462222	2.49024048040757	0.0299053163278343	0.78160174194407	-3.57261696776152
"miR-6845-5p"	1.50207361351751	6.78573389087638	2.46589077666285	0.0312298737198127	0.78160174194407	-3.60517851909775
"miR-6846-5p"	1.74263328919625	4.31636866411155	2.35255545101622	0.0381847744352928	0.78160174194407	-3.62759238984279
"let-7b-5p"	-1.39939991480533	10.2642203373108	-2.43325702398612	0.0330951116595713	0.78160174194407	-3.66248116401808
"miR-93-5p"	-1.53145548462524	8.72931656150167	-2.40240805435448	0.0349577532167071	0.78160174194407	-3.66935433209152
"miR-185-5p"	-1.97530509784548	5.13910772657685	-2.21809202624909	0.048386484187914	0.78160174194407	-3.75583330885953
"miR-320b"	-1.66598252038581	7.47229101308108	-2.234781662712	0.0469908619437278	0.78160174194407	-3.84403781836
"miR-200c-3p"	-1.43466257901446	9.71107292950403	-2.25369263460453	0.0454560411582675	0.78160174194407	-3.91930663418148
"miR-582-5p"	-2.0068740353896	2.8804583180777	-2.08551095911118	0.06096260157407	0.78160174194407	-3.9228098015814
"miR-103a-3p"	-1.5142661629297	7.76009619297802	-2.18304029585481	0.0514475220165224	0.78160174194407	-3.93440013823975
"miR-141-3p"	-1.54350896124524	9.86015967535505	-2.2548013775156	0.0453675618945642	0.78160174194407	-3.93575622053927
"miR-6891-5p"	1.68623141327167	6.64518200941237	2.27471468157875	0.0438062979424232	0.78160174194407	-3.94404813006923
"miR-21-5p"	-1.70094435084091	12.4802388585092	-2.25744763968355	0.0451570531876338	0.78160174194407	-3.96449132961773
"miR-4784"	1.6185390034771	1.70538208100952	2.11857783191804	0.0575639430678816	0.78160174194407	-3.97124758023588
"miR-27b-3p"	-1.38833322911718	9.70197586309818	-2.19894519535845	0.0500363507018735	0.78160174194407	-4.02164532755129
"miR-5703"	1.42432461207167	3.32084309910558	2.04728146612128	0.0651273878552468	0.78160174194407	-4.08728904715787
"miR-664a-3p"	-1.69190120529412	3.75546110816399	-1.96094060383987	0.0755343491290273	0.78160174194407	-4.09153194098825
"miR-375"	1.39493472634321	6.09088908479335	2.14029928827877	0.0554297394312984	0.78160174194407	-4.09929968104062
"miR-9-5p"	2.0127621378671	3.17833013362548	1.94452810152318	0.0776799665589416	0.78160174194407	-4.11089513526363
"miR-6800-5p"	-1.35425870510718	5.65571311789685	-2.04871478499225	0.0649665303944621	0.78160174194407	-4.11906026173305
"miR-192-5p"	-1.83278088351889	4.92433326592576	-1.95527658787382	0.0762685153212696	0.78160174194407	-4.11992958711693
"miR-452-5p"	-1.6726920668179	3.17167400287846	-1.9132647580714	0.0819240523646353	0.78160174194407	-4.15102669795604
"miR-4306"	-1.75466313683309	4.70731000798302	-1.93820336173751	0.0785217856830163	0.78160174194407	-4.16298295130828
"miR-1290"	-1.60648269883687	9.78545156468201	-2.10479539319771	0.0589581787215201	0.78160174194407	-4.17211154610176
"miR-6848-5p"	1.42264443424149	3.59436705725521	1.98638242133697	0.072316905911509	0.78160174194407	-4.18696348707055
"miR-532-5p"	-1.79224223090792	4.52909548253173	-1.87784718224077	0.0869900939661087	0.78160174194407	-4.20822791637707
"miR-1234-3p"	1.58371107881259	3.94391892175605	1.89379472865652	0.0846743252913389	0.78160174194407	-4.22184888228465
"miR-320a"	-1.28677058669254	7.95565091966702	-1.9952598582877	0.0712246068495479	0.78160174194407	-4.22943924558188
"miR-4667-5p"	1.3887584917712	3.58113619671005	1.88854974455843	0.0854296228638445	0.78160174194407	-4.27279255943969
"miR-584-5p"	-1.61076309690296	2.86625071188016	-1.80482908683704	0.0983529021453459	0.78160174194407	-4.28880533143272
"miR-4429"	-1.25611369151582	7.67373069592034	-1.92270267001224	0.080620763806575	0.78160174194407	-4.35089627044251
"miR-378g"	-1.77757158886089	5.38559033329259	-1.74499656021244	0.108652633230226	0.78160174194407	-4.39290712310648
"miR-30d-5p"	-1.0844037822688	9.04361021873324	-1.92989395036812	0.0796406067122656	0.78160174194407	-4.40233531728672
"miR-106a-5p"	-1.22710320026412	8.15750816588499	-1.91145417648762	0.0821762903810794	0.78160174194407	-4.40401168049437
"miR-17-3p"	-1.85630580889251	5.89138972254698	-1.71935409375117	0.113357240309331	0.78160174194407	-4.4324845688229
"miR-197-5p"	1.09146154270246	6.08595237909945	1.92065481529642	0.080901915499995	0.78160174194407	-4.44821564543227
"miR-183-5p"	-1.39186659953034	5.47863522214864	-1.70701918627865	0.115684786453039	0.78160174194407	-4.4567536350261
"miR-3940-5p"	1.24065232746204	7.97899129625641	1.91501989734356	0.0816802206278014	0.78160174194407	-4.46242787423371
"miR-107"	-1.16250203501563	7.85612208140083	-1.83723659909474	0.0931521695000587	0.78160174194407	-4.48025023338673
"miR-1236-5p"	1.46651403563252	3.20382356527328	1.71096180610321	0.114936217466294	0.78160174194407	-4.49975099265166
"miR-873-5p"	-1.55240686256199	4.22238474572965	-1.6359964998164	0.129935421142686	0.78160174194407	-4.51809766756475
"miR-378i"	-1.49074399922772	4.89390766991702	-1.63685817571174	0.129753591390165	0.78160174194407	-4.52194147694717
"miR-345-5p"	-1.44450142036399	4.89731642056986	-1.63505731651205	0.130133862909752	0.78160174194407	-4.52702449567812
"miR-6516-3p"	-1.49787332367829	3.64809074543031	-1.62628507020344	0.132000335030212	0.78160174194407	-4.52771147970229
"miR-146b-5p"	1.40612283943222	4.14873235573015	1.5784030218696	0.142609555626568	0.78160174194407	-4.57905129339326
"miR-32-5p"	-1.50677002660699	4.25968654651037	-1.57840457916778	0.14260919876702	0.78160174194407	-4.57943391530978
"miR-455-5p"	-1.48025651437702	4.38488043128601	-1.58126642358852	0.141954716240696	0.78160174194407	-4.5816951752874
"miR-17-5p"	-1.03346009411446	9.56858094922202	-1.8272362068618	0.0947296267587764	0.78160174194407	-4.59691967178069
"let-7c-5p"	-1.05750487194451	9.86405364621143	-1.8163230049701	0.0964788441185171	0.78160174194407	-4.60161887712706
"miR-320d"	-1.12019607905796	7.26634000207037	-1.71479258041542	0.114213042804441	0.78160174194407	-4.62301590021001
"miR-6756-5p"	0.981887821955952	6.95127215779693	1.7984006306044	0.0994154240814162	0.78160174194407	-4.62699998888915
"miR-363-3p"	-1.40466861229428	5.63660996406818	-1.54793226901416	0.14974299285421	0.78160174194407	-4.62842175854775
"miR-33b-5p"	-1.7982006242415	5.10106232850809	-1.53710544690285	0.15235132852093	0.78160174194407	-4.64434717274507
"miR-6894-5p"	1.67449972846455	4.78640849353738	1.74418786779786	0.108798278884909	0.78160174194407	-4.64435235253158
"miR-6796-3p"	-1.40598648904053	3.89880350356223	-1.55360799433307	0.148391192067329	0.78160174194407	-4.64895341610724
"miR-762"	0.929485262356039	10.9065593401667	1.84247412374063	0.0923356122988219	0.78160174194407	-4.66206566691558
"miR-19b-3p"	-1.07280056118057	10.6762009276779	-1.77284985691483	0.103742329072974	0.78160174194407	-4.66899516955959
"miR-602"	-1.30397519003892	5.91624236875105	-1.64283249479955	0.128499074754631	0.78160174194407	-4.67165923004728
"miR-6851-5p"	-1.37271557194424	3.37270109839433	-1.58581594429402	0.140919683162271	0.78160174194407	-4.67345354566869
"miR-30a-5p"	-1.27551707254937	8.4658945604299	-1.69869264941235	0.117280065872151	0.78160174194407	-4.6802443227442
"miR-4665-5p"	1.50522590677841	3.90885523749016	1.50034974056979	0.161501877153386	0.78160174194407	-4.68789494425942
"miR-548at-5p"	0.967619635237737	5.16100899981044	1.71882517390228	0.11345617733153	0.78160174194407	-4.68886987119837
"miR-20a-5p"	-0.982352506715188	9.5431180486168	-1.75027850328325	0.107705666785532	0.78160174194407	-4.70615131609872
"miR-132-3p"	-1.0070843233134	7.37426663022741	-1.72000580009946	0.113235441899054	0.78160174194407	-4.70849300467229
"miR-130b-5p"	-1.43047357743131	4.10202268106046	-1.46543119687512	0.170629030682142	0.78160174194407	-4.71194995902015
"miR-101-3p"	-1.15415991636769	7.64918125346388	-1.69582641184306	0.11783374107411	0.78160174194407	-4.71204292871701
"miR-6890-3p"	-1.28240665335936	4.00666836057817	-1.53009802865251	0.154060437169222	0.78160174194407	-4.71905386161223
"miR-320c"	-1.06816853145122	7.48743705787511	-1.63014770713799	0.131175588474439	0.78160174194407	-4.73252584559349
"miR-27a-3p"	-1.08674595200138	12.1867280328746	-1.73199093951326	0.111016363920065	0.78160174194407	-4.73320091367233
"miR-6893-3p"	-1.56628244334069	4.07139891076352	-1.52420481020323	0.155510616940258	0.78160174194407	-4.74467063890199
"miR-200b-3p"	-1.12040320377728	8.47606923956273	-1.68398499353272	0.120145988023557	0.78160174194407	-4.74480234415216
"miR-20b-5p"	-0.970386327285508	8.69493539643001	-1.70634893207338	0.115812478025162	0.78160174194407	-4.74678480026609
"miR-378d"	-1.46312547153715	4.66131375806928	-1.44437063335703	0.176344132802587	0.78160174194407	-4.74759439001249
"miR-1229-5p"	1.11726998162383	3.95965718150207	1.55897376858079	0.14712298722829	0.78160174194407	-4.75046492916056
"miR-331-3p"	-1.22854813080873	5.74352883625264	-1.4996396636957	0.161683219681857	0.78160174194407	-4.75531114861117
"miR-4436b-3p"	1.19632783129877	3.5316492441272	1.54935125638825	0.149404029690686	0.78160174194407	-4.75922796451543
"miR-3197"	-0.859299178807055	11.5788373031107	-1.7344242109853	0.110570638223488	0.78160174194407	-4.76928145577326
"miR-7-1-3p"	-1.21427424789928	4.39232509371005	-1.42271140101396	0.182390415722134	0.783750119733518	-4.7830539910026
"miR-6803-5p"	1.09109883625218	9.04268321262403	1.70712803694386	0.115664060977083	0.78160174194407	-4.78349813725867
"miR-6500-3p"	1.41399120088956	4.32663299705231	1.42401509298124	0.182021587797818	0.783750119733518	-4.7936707614511
"miR-204-3p"	1.12128224772708	3.77212119442545	1.51438682646149	0.157952794561036	0.78160174194407	-4.79502711565236
"miR-6812-5p"	-1.06606173897539	4.1148483233017	-1.56503345323672	0.145702134504991	0.78160174194407	-4.796235223787
"miR-1273h-5p"	0.937593798898178	11.1265574252512	1.70617301892107	0.11584601251082	0.78160174194407	-4.79820358577535
"miR-4534"	0.914545429676179	5.74298820825918	1.65690491515257	0.125586427557634	0.78160174194407	-4.81124248880875
"miR-4706"	-1.10480941156986	3.25049682979336	-1.47314353167952	0.16857605447256	0.78160174194407	-4.82135951320868
"miR-25-3p"	-0.973971220178169	8.23199199136391	-1.56337704676454	0.146089329914366	0.78160174194407	-4.84214881784517
"miR-4448"	1.36743684440526	7.44715617422044	1.64221081274128	0.128629116431239	0.78160174194407	-4.84730565161719
"miR-6729-3p"	1.23826514087926	2.25589914924011	1.33173639984812	0.20972466631341	0.787131184328178	-4.85331546404326
"miR-4525"	-1.2063890899687	4.66632484459738	-1.3888096902143	0.192205132070064	0.787131184328178	-4.85391430495977
"miR-6819-5p"	1.00501553640901	3.85498318591533	1.48543978830164	0.165346555046736	0.78160174194407	-4.85687666156551
"miR-103a-2-5p"	-1.43158681019253	4.28049019779414	-1.3351685363365	0.208634995821564	0.787131184328178	-4.86692032531918
"miR-19a-3p"	-0.925015401862046	8.63427649924105	-1.59776023091086	0.138233707809029	0.78160174194407	-4.8748383177574
"miR-29c-3p"	-1.01355886740785	8.28724745647347	-1.60642145798698	0.136314210254062	0.78160174194407	-4.87607870527956
"miR-34a-5p"	-1.44395613638164	5.97464103726322	-1.3704980759707	0.197688111261554	0.787131184328178	-4.88417704895901
"miR-6789-5p"	1.1087751120402	3.89492450616549	1.47433046487285	0.168261981993511	0.78160174194407	-4.89492398836623
"miR-711"	-1.07818760846774	4.11448478701634	-1.43860675097514	0.177936315619645	0.78160174194407	-4.90275430136973
"miR-421"	1.14391930226376	3.82023500337994	1.28131564319911	0.22627928692812	0.813234043323487	-4.90788942044878
"miR-1306-5p"	1.03014941630907	4.69410592897055	1.3508928734275	0.203702320761963	0.787131184328178	-4.9217416824598
"miR-15b-5p"	-0.870346505057317	9.59729723340483	-1.58739023270728	0.140563068334815	0.78160174194407	-4.92643994522346
"miR-5000-3p"	1.04409341429346	4.01463677932095	1.44141253107346	0.177159745558527	0.78160174194407	-4.9335873596155
"miR-99b-5p"	-0.991715678529959	6.97388612484791	-1.46844724979051	0.169823648052154	0.78160174194407	-4.93989692800544
"miR-1304-3p"	0.974242499769491	4.87556357872585	1.38257394723606	0.194057818336933	0.787131184328178	-4.95078410196054
"miR-4284"	0.851436951345985	11.6822272570225	1.61961444834133	0.133435416053421	0.78160174194407	-4.96105072052469
"miR-708-5p"	-1.07513330956459	7.54866927186192	-1.46397352828814	0.171019441788648	0.78160174194407	-4.96279920106226
"miR-181a-2-3p"	-1.29318581100905	3.36882653775896	-1.22868281798877	0.244677664545405	0.818141433709691	-4.96422717652605
"miR-130a-3p"	-0.968308704717792	9.3123590360662	-1.53789471750058	0.152159859009885	0.78160174194407	-4.96646552029245
"miR-4459"	0.846205002374803	7.94023352480156	1.5473155927898	0.149890510672322	0.78160174194407	-4.97707012868687
"miR-296-3p"	0.968257413919215	3.39693664488225	1.35542001621587	0.202300222660517	0.787131184328178	-4.98420284827221
"miR-1307-5p"	-1.12921713416663	4.01458317017901	-1.21858854588166	0.248339726927056	0.818141433709691	-4.99604347567138
"miR-6785-3p"	1.15697641799018	3.83138192979874	1.26312235447981	0.232507996256981	0.814288892585796	-5.00674232248632
"CTRL_miR_POS1"	0.863801268279072	10.5995249909221	1.56695898697004	0.145253153839906	0.78160174194407	-5.01231011784485
"miR-1254"	0.851101232199269	6.40409891175621	1.47718083793782	0.167509792480487	0.78160174194407	-5.01770807337224
"miR-4316"	0.900998246206043	3.57341960880495	1.3495227239889	0.204128254208056	0.787131184328178	-5.02105958045655
"miR-328-3p"	-1.04632946318699	3.73220931493213	-1.18654573462539	0.260254165876103	0.819327807060188	-5.02674517269228
"miR-4327"	-0.927388989142903	3.3834170966388	-1.34278489173796	0.206233572411498	0.787131184328178	-5.02722294940013
"miR-8078"	1.05184312695818	6.89128038220179	1.37534826235002	0.196223277635152	0.787131184328178	-5.02835602082254
"miR-106b-5p"	-0.895778697293022	8.28903640972234	-1.44877784864738	0.175134884049646	0.78160174194407	-5.03240148829089
"CTRL_miR_POS4"	0.852385612901924	10.1423424746981	1.53693582334491	0.152392504834147	0.78160174194407	-5.03446855347784
"miR-193a-3p"	-0.823157808292184	7.74268313082523	-1.44811762502783	0.17531558577142	0.78160174194407	-5.03473528972339
"miR-3135a"	0.864313702977105	5.68066534017675	1.44510391578527	0.176142444805669	0.78160174194407	-5.03883402538609
"CTRL_miR_POS2"	0.888221526997894	10.2925103201464	1.52802515100267	0.154569182994279	0.78160174194407	-5.04841888397813
"miR-339-5p"	-0.877348481673824	6.07894514577665	-1.3664315818911	0.198923272664945	0.787131184328178	-5.05105610677595
"miR-205-5p"	-0.72471257658284	14.2488300026831	-1.58090649614854	0.142036884286788	0.78160174194407	-5.05369103565161
"miR-31-5p"	-1.11293986740361	10.8911662532903	-1.48331269953145	0.165901394779926	0.78160174194407	-5.06255725516669
"miR-454-3p"	-1.11128833455122	5.17859530571666	-1.19587298015062	0.256740296759178	0.818532236441895	-5.06683633098062
"let-7d-5p"	-1.13504217673634	8.15764395058431	-1.34186186459474	0.206523378363104	0.787131184328178	-5.07511643167695
"CTRL_miR_POS3"	0.856624012060032	10.2967451216677	1.51054282333786	0.1589179497368	0.78160174194407	-5.07759068692211
"miR-193b-3p"	-0.819210488500063	8.25677109747118	-1.44549768968154	0.176034218884531	0.78160174194407	-5.07799412368529
"miR-218-5p"	1.10098483758446	3.60982717424027	1.11816942531453	0.287179236194122	0.819639998204807	-5.07816856041734
"miR-212-3p"	-1.00041814372743	4.45054786611302	-1.1401915022802	0.278281605645645	0.819639998204807	-5.08042270941579
"miR-181c-5p"	-0.904126306363841	5.72726030617503	-1.24865869506384	0.237558142356396	0.814288892585796	-5.08607230280838
"miR-451a"	0.826551394557089	4.31357064060779	1.35674868904697	0.201890244309228	0.787131184328178	-5.08857993475688
"miR-4253"	-1.05646290388427	3.42393592635918	-1.11703250173598	0.287644471698907	0.819639998204807	-5.09021638788973
"miR-4259"	1.02813911779396	2.82588189638742	1.09940140854632	0.294933517556266	0.819639998204807	-5.09187325289893
"miR-374b-5p"	-1.11583130509606	6.27381666592626	-1.16979050617453	0.266661495383839	0.819327807060188	-5.09238062075152
"miR-4685-5p"	-0.963609926205418	3.21466615224017	-1.2382560556907	0.241244653840569	0.818141433709691	-5.09335592773425
"miR-16-5p"	-0.772945118363275	11.7127641749383	-1.44948670883906	0.174941046879644	0.78160174194407	-5.10239342240051
"miR-4505"	1.02354827018332	4.70618545026651	1.26829917083196	0.230721675284115	0.814288892585796	-5.10384559900026
"miR-1273d"	0.785814372776687	10.422112993988	1.45394871918609	0.173725097957953	0.78160174194407	-5.10400532112679
"miR-6131"	-0.807558902929357	7.64722579583826	-1.4426126457269	0.176828462828144	0.78160174194407	-5.10587133864082
"miR-30e-5p"	-0.87951484807114	7.33569738813208	-1.25066937261056	0.236850847470878	0.814288892585796	-5.11322122778843
"miR-6820-5p"	-0.958039026212215	3.9083991976263	-1.15909334312666	0.270816458635703	0.819639998204807	-5.1209584800884
"miR-6077"	0.819525821784404	6.61610064371699	1.42426208901368	0.18195178112516	0.783750119733518	-5.13330170363051
"miR-182-5p"	-0.966311030869899	6.28330986224903	-1.18498714575641	0.260845018780146	0.819327807060188	-5.14164191886506
"miR-6749-5p"	0.817917473309245	5.17403700047911	1.34768314551924	0.20470127813592	0.787131184328178	-5.14328226514433
"miR-149-5p"	-0.974251182696743	5.28560712227608	-1.06947900594132	0.307625388353941	0.819639998204807	-5.14441429350903
"miR-3607-3p"	-1.1925950313347	3.05460403317603	-1.02929114399703	0.325313640574716	0.819639998204807	-5.14786568230076
"miR-145-5p"	0.936924781675386	3.6266286796648	1.34586568513535	0.205268720562605	0.787131184328178	-5.14869706605549
"miR-15b-3p"	-1.19218336037497	4.02578227868014	-1.03863239355675	0.321136145243248	0.819639998204807	-5.15231086942924
"CTRL_miR_POS6"	0.809642939016335	10.5926148195381	1.45222796492723	0.174193168710822	0.78160174194407	-5.16033300244873
"miR-6089"	0.786180092879935	11.7078046905227	1.50872328311395	0.159376571334427	0.78160174194407	-5.16096193788374
"miR-143-3p"	0.859635374161689	3.73940554846643	1.33659090652713	0.208184778961442	0.787131184328178	-5.16269688583898
"miR-138-5p"	-0.786598080438939	6.42491689513978	-1.33691489908393	0.208082339251541	0.787131184328178	-5.16449104414706
"miR-660-5p"	-0.827302893128592	5.94156574071458	-1.19615789710143	0.25663355290417	0.818532236441895	-5.17075822207583
"miR-200b-5p"	-0.925311498171598	3.32432495944629	-0.994888435187784	0.341045769789653	0.830104348126155	-5.17580557070337
"miR-324-3p"	-0.868362796601898	5.93897122158351	-1.11096821916578	0.290135802227551	0.819639998204807	-5.18271436947386
"miR-1225-5p"	-0.795189425203267	5.34261014825174	-1.25092341215667	0.236761604926711	0.814288892585796	-5.18792511179738
"miR-130b-3p"	-0.988366680915228	6.29956569684155	-1.05071848866993	0.315790582677707	0.819639998204807	-5.19385279747115
"miR-181b-5p"	-0.777511495530105	7.88728172866473	-1.25904256200565	0.233923642043714	0.814288892585796	-5.20777959974251
"miR-1273f"	0.710364957385283	10.7260735314819	1.3827872574802	0.193994196361706	0.787131184328178	-5.2090242645748
"miR-3135b"	0.743724946743141	10.0243356670691	1.38939548243912	0.192031852341051	0.787131184328178	-5.21017332720923
"miR-664b-3p"	-1.07564750021952	4.10130546395906	-0.976846550088188	0.349515153925403	0.835735831765178	-5.21205957589298
"miR-15a-5p"	-0.890534874964353	8.424259947418	-1.31938598854041	0.213684693581037	0.796949832034938	-5.21374645127574
"miR-937-5p"	0.832136376719331	6.78688353140275	1.34322021884457	0.20609700810804	0.787131184328178	-5.21421130365817
"miR-6824-5p"	0.836582598465621	3.67668919855618	1.13108453287224	0.281934890712437	0.819639998204807	-5.21965288218179
"miR-3610"	-0.817773417470989	4.05022794141179	-1.12078376487984	0.286111630072389	0.819639998204807	-5.22461345416588
"miR-221-5p"	-0.798276033223546	4.85637752882011	-1.03015105793597	0.324927401844325	0.819639998204807	-5.23386985026264
"miR-5684"	0.818109204614661	3.96807685033266	0.965628309477356	0.354857518329249	0.840450264579273	-5.23395749271609
"miR-18a-5p"	-1.20950918281661	6.21172161707358	-1.13493935149015	0.28038401594337	0.819639998204807	-5.23658122049377
"miR-93-3p"	-0.832067513032318	4.17401217525761	-0.985343381828374	0.345507683803308	0.832632352423342	-5.23730812992332
"miR-8071"	0.953792002021654	3.99475278763315	1.01670350262649	0.331006489592264	0.823030114947244	-5.23762234413365
"miR-566"	0.92182680654833	5.47166611967303	1.09429563865592	0.29707048812895	0.819639998204807	-5.23969550928277
"miR-199a-3p"	0.921094046803535	3.78170427941621	1.17202945947542	0.26579820194762	0.819327807060188	-5.24052008253109
"miR-429"	-0.804392683387679	5.92211269761428	-1.08966803688729	0.299017502152278	0.819639998204807	-5.24168503683886
"miR-365a-3p"	-0.7109465534372	7.56005447509556	-1.30670932588613	0.217813048080247	0.802255512494325	-5.24669385496602
"miR-21-3p"	-0.791662404896256	5.74028593076373	-0.953057286371106	0.360913634225656	0.845361936133281	-5.2489920719848
"miR-6870-5p"	0.833802395595628	4.73131122480199	1.28858029330061	0.223830320328549	0.811766888445047	-5.2635218160878
"miR-194-5p"	-0.939850156340006	4.19547528402594	-0.908657185971097	0.382892445664166	0.848046502793299	-5.26489106619963
"miR-548e-5p"	0.801321536683222	4.9161170712554	1.01515845564812	0.3317102824155	0.823030114947244	-5.2717587003839
"let-7g-5p"	-0.713053904927094	8.70792679684218	-1.28658097938767	0.224502141155123	0.811766888445047	-5.27798304482377
"miR-1273a"	0.753485987194296	5.99017090767168	1.23744721813727	0.24153320527137	0.818141433709691	-5.27814773680703
"miR-6512-5p"	0.68282508549934	7.77641903462997	1.29363315908315	0.222139728197253	0.811766888445047	-5.27913615247219
"miR-1307-3p"	-0.791699762912669	4.04530644597989	-0.88313107529544	0.395944092710728	0.856726012058913	-5.28557895091885
"miR-2467-3p"	-0.743233677815781	4.37113695635879	-1.11264442667789	0.289445531697254	0.819639998204807	-5.2890315556686
"miR-6753-5p"	-0.983301284681417	3.9208114449672	-0.942678753222645	0.3659689418868	0.846852457690448	-5.2954412297123
"miR-378f"	-0.857739951491117	4.79150219439627	-0.880510319403175	0.397301270347725	0.856726012058913	-5.2964864220275
"miR-34c-5p"	-0.74425907511755	4.05423434320894	-0.861747374085908	0.407111067913819	0.85930468836805	-5.30238094644211
"miR-135b-5p"	-0.950530241173532	5.51475608405287	-0.948195169553423	0.363275691596486	0.845361936133281	-5.30365450696421
"miR-7854-3p"	0.727005394945559	2.02280811247259	1.05571591321892	0.313599826938586	0.819639998204807	-5.30546718304551
"miR-191-5p"	-0.710491486151564	7.96250326486354	-1.22029423277818	0.247717875282695	0.818141433709691	-5.30812185811416
"miR-331-5p"	0.765208366463304	3.10196871820254	1.01535442483822	0.331620954401634	0.823030114947244	-5.31074765187621
"miR-6760-5p"	-1.01548223437555	3.77915627213415	-1.04867595177563	0.316689274827541	0.819639998204807	-5.31176471113771
"miR-301a-3p"	-0.948082578735528	6.33420812979313	-0.873506189516634	0.400944087877932	0.85930468836805	-5.31355653966935
"miR-23b-3p"	-0.679725671057582	11.9491162806275	-1.27323061310875	0.229030375747664	0.814288892585796	-5.31913622557412
"miR-4644"	-0.883383481587564	2.94198145878388	-1.02870415470409	0.325577487985339	0.819639998204807	-5.32267830806183
"miR-26b-5p"	-0.749635386323647	8.95508768180954	-1.24985670869536	0.237136513324205	0.814288892585796	-5.32842626033777
"miR-320e"	-0.755392842988297	6.38592380289591	-0.963789778654895	0.355738644872508	0.840450264579273	-5.33123453868288
"miR-4800-3p"	0.703594318030025	5.01278263790449	1.08530391345803	0.300862540019991	0.819639998204807	-5.33215397011316
"miR-141-5p"	-0.72565623786248	4.00495803264261	-0.808413978226875	0.435885967718795	0.871166875838251	-5.33430806802649
"miR-200a-3p"	-0.775125444799876	8.4950449380048	-1.19940788634697	0.255418431441369	0.818532236441895	-5.34530584246569
"miR-1291"	-0.696113405935663	3.55532802786998	-0.802127384457201	0.439364152910748	0.871166875838251	-5.34636851248224
"let-7i-5p"	-0.720176989400443	9.00846056485655	-1.22450459957057	0.246188195944184	0.818141433709691	-5.35048344989254
"miR-4478"	-0.717707196575804	5.30792761793696	-1.05118850628006	0.315584050865494	0.819639998204807	-5.3538563137953
"miR-6858-5p"	0.701575128930954	7.11677639622448	1.21090022719525	0.25115815519961	0.818333989194333	-5.3655573568714
"miR-1273g-5p"	0.751328919042595	4.19453684218883	0.833861872900001	0.421992157227421	0.864701523761013	-5.36619098733023
"miR-6071"	0.728417134432039	3.8270761348901	0.902277982646832	0.386125726398298	0.848046502793299	-5.36622558728338
"miR-181a-3p"	-0.689202284174385	2.84759281428574	-0.731151245230813	0.479881375631346	0.899029162165312	-5.37274035465094
"miR-148a-5p"	0.647668614913369	8.56429446459939	1.21264784500486	0.250515278582062	0.818333989194333	-5.37441529311707
"miR-3176"	0.641985364345437	2.57984413816532	0.723108323002496	0.484615839718901	0.90004214270398	-5.37807501051819
"miR-378b"	-0.803456319014464	3.35832549270588	-0.72993749238196	0.480594004058017	0.899029162165312	-5.37970315674891
"miR-10a-5p"	-0.822575593998693	4.65090719546983	-0.799676199636352	0.440725232295911	0.871166875838251	-5.38046381334003
"miR-6892-3p"	0.709996415518008	5.1109715737599	1.03849162834515	0.321198799163018	0.819639998204807	-5.38403755656564
"miR-484"	-0.724508676960496	5.3094866437502	-0.825367458247919	0.426596674100454	0.866341875827292	-5.38670773382739
"miR-4286"	0.632671569609939	7.48898409667413	1.19658002279598	0.256475468487173	0.818532236441895	-5.39345163793801
"miR-503-5p"	-0.718657870704528	3.83586978017264	-0.805735620361169	0.437365605861336	0.871166875838251	-5.39366423923997
"miR-6127"	0.703945182838225	4.68013133200352	1.12575701391073	0.284089167911361	0.819639998204807	-5.39423721568777
"miR-4690-5p"	-0.657759549538109	4.84244948959102	-1.06362422893043	0.310156331600407	0.819639998204807	-5.39437088248256
"CTRL_miR_POS5"	0.688304693541762	10.117705133109	1.22699532560844	0.24528684117738	0.818141433709691	-5.40329728097564
"miR-564"	0.657858669160541	4.22447345096881	0.7657492314031	0.459845815593661	0.884779243821219	-5.40338488886887
"miR-590-5p"	-0.700300713581379	5.68142455269038	-0.843757606999803	0.416670080346605	0.860924591099431	-5.40482919531699
"miR-598-3p"	-0.606206756760965	2.78308515297371	-0.692585001567534	0.502843991525421	0.907197851699406	-5.40676266346917
"miR-361-3p"	0.635530132908893	4.30267483107872	0.710653235973212	0.492004224742836	0.903277106106817	-5.40849979059159
"miR-3154"	-0.867516016794594	3.04297680137287	-0.937632452560917	0.368445082772573	0.846852457690448	-5.40950752843449
"miR-6793-3p"	0.732880107780608	7.60860452896632	1.18038711929505	0.262595030327299	0.819327807060188	-5.41328572794209
"miR-6860"	-0.689430360546701	3.91405493483253	-0.949221227853048	0.362776307608217	0.845361936133281	-5.41394434722206
"miR-20a-3p"	0.594800879565288	3.05269382304662	0.648664018478295	0.529785471933373	0.910616767699972	-5.42487461744486
"miR-4651"	0.619094298193536	8.57061815408974	1.18302547057463	0.261590181849629	0.819327807060188	-5.4260265268807
"miR-181d-5p"	-0.773941451770206	6.60708338837135	-0.90877079186869	0.382835036673985	0.848046502793299	-5.43449922002717
"miR-6516-5p"	-0.650933797933429	4.36285691150703	-0.678617812588823	0.511321260123002	0.907197851699406	-5.43636888077946
"miR-4688"	0.657927884562755	5.9859489745653	1.11627909150738	0.287953090521532	0.819639998204807	-5.43665211494968
"miR-1281"	-0.640530686982736	3.69546067541749	-0.717414609400339	0.487984833246708	0.901479769829589	-5.43866630801468
"miR-1224-5p"	0.649540798422547	3.64208222818731	0.654027499184542	0.526451074256675	0.908175761279052	-5.44343792999527
"miR-6798-3p"	0.661731044299365	5.03182718670953	0.913293294820732	0.380554544209932	0.848046502793299	-5.4483227498257
"miR-106b-3p"	-0.569528553615019	4.85673102964873	-0.664221938781748	0.520147166235747	0.907197851699406	-5.44971838353692
"miR-148b-3p"	-0.627124873692926	7.32101016562269	-1.09471360196738	0.296895111225255	0.819639998204807	-5.45096381990701
"miR-4433b-5p"	0.641083635353096	4.58224184654312	0.9825676803109	0.346813138361831	0.832632352423342	-5.45098663053928
"miR-4732-3p"	-0.597740455353383	4.20566457816837	-0.701918113070359	0.497226818367401	0.907197851699406	-5.45145508115407
"miR-504-3p"	0.656570131692381	3.96519156629083	0.925496007937769	0.374448823326083	0.848046502793299	-5.45302048915177
"miR-1269b"	-0.611641797438199	4.50889377130093	-0.711453235004161	0.491527599778692	0.903277106106817	-5.45345790904121
"miR-23a-3p"	-0.598205895317617	12.7101881368442	-1.17358055875423	0.26520141753286	0.819327807060188	-5.4552860867734
"miR-23c"	0.543786264508542	4.14016991663314	0.611156963235979	0.553441411345535	0.915500297692532	-5.46749896696727
"miR-4638-3p"	0.610671590665881	5.57769541978268	1.0823597444005	0.302112133392643	0.819639998204807	-5.47081120567805
"miR-4270"	-0.612482748013977	4.47108738612405	-0.938278046696556	0.368127638113589	0.846852457690448	-5.4712438804879
"miR-30a-3p"	-0.63523619757251	5.32217353197594	-0.84849130117422	0.414140250593789	0.860924591099431	-5.47231725771772
"miR-155-5p"	-0.629403781187487	5.47714192266207	-0.666443397190231	0.518779396359609	0.907197851699406	-5.47575397372038
"miR-196a-5p"	-0.556239486244986	3.40880959403601	-0.559397801186767	0.587032593611545	0.92333505028461	-5.47872191317285
"miR-4421"	0.521257085796571	3.98291395384244	0.626180018083386	0.543895722057702	0.915500297692532	-5.47877801509291
"miR-505-3p"	0.565067288919997	3.70927329241363	0.56022647474658	0.586486387449015	0.92333505028461	-5.48360029236962
"miR-3173-3p"	-0.61551046625369	4.70639622069768	-0.94769379776424	0.363519888219202	0.845361936133281	-5.48668180324215
"miR-6511b-3p"	0.587114193527403	4.9367962152725	0.862602837206909	0.406660249175968	0.85930468836805	-5.48952487840278
"miR-6729-5p"	-0.685284429344543	8.3776322040301	-1.09972368456655	0.294799026806493	0.819639998204807	-5.48988137154897
"miR-7107-5p"	-0.630214597329277	6.40884876575936	-1.06745387106744	0.3084990600112	0.819639998204807	-5.49320112775484
"miR-4442"	-0.595990970245043	4.80715508100197	-0.904740115584603	0.384875554876591	0.848046502793299	-5.49517870360637
"miR-33a-5p"	-0.586121807056194	6.58261219769849	-0.999488587252094	0.338910466591248	0.830104348126155	-5.49775656988213
"miR-629-5p"	0.474569343530165	3.21493918321309	0.516997627812755	0.615332744067816	0.92333505028461	-5.50061218091503
"miR-4265"	0.561168225129991	3.62337710234727	0.613341725803848	0.552047406075942	0.915500297692532	-5.50574980402286
"miR-664b-5p"	-0.550336174617944	4.18551653721212	-0.537764967790489	0.601385789342184	0.92333505028461	-5.50697863701786
"miR-5010-5p"	0.540232580641741	3.98893686096531	0.536951444784126	0.601929066506113	0.92333505028461	-5.50911946042866
"miR-148a-3p"	-0.578323253492899	9.52391944380786	-1.08204556397806	0.302245713100293	0.819639998204807	-5.50987658512774
"miR-6798-5p"	0.612915489114972	5.80561858300592	0.905424010846779	0.384528801692168	0.848046502793299	-5.51267827501043
"miR-4512"	-0.541327584977232	4.65469856327839	-0.592471484916754	0.56544368909384	0.92333505028461	-5.51677875653269
"miR-8072"	-0.590214620982372	10.1127241706747	-1.11168276343955	0.28984139507876	0.819639998204807	-5.51735632000134
"miR-5585-3p"	0.585930652121151	9.63730240540998	1.07072446331779	0.307089008249654	0.819639998204807	-5.51809273257147
"miR-151a-3p"	-0.555235173211574	6.8442139125792	-0.7401331145086	0.474628327639374	0.894681697174923	-5.51868835973394
"miR-664a-5p"	0.527209901814111	3.34658589067699	0.472298429126822	0.645890047414208	0.927391762994251	-5.51925671372496
"miR-10b-5p"	-0.531608192370317	4.51429937242526	-0.62813797766439	0.542658534972642	0.915500297692532	-5.51931261590859
"miR-4722-3p"	0.477739823499278	4.03711721973497	0.564016745264887	0.583991524816119	0.92333505028461	-5.52458957429339
"miR-362-3p"	-0.453524696595334	4.44933710099738	-0.5117939659582	0.618852714513103	0.92333505028461	-5.52502282390343
"miR-4539"	0.570386216933408	5.3667859189638	0.859919484147951	0.408075482224248	0.85930468836805	-5.52646972976652
"miR-6775-5p"	0.570298173794701	6.45707350437404	1.0588758772528	0.312220465842528	0.819639998204807	-5.52725803664985
"miR-7109-5p"	0.5512980276985	3.31576588245144	0.7844575445154	0.449237282898469	0.875308150177421	-5.5280688765207
"miR-3184-3p"	0.651805972923888	5.36810658766123	1.02732647361806	0.326197368594156	0.819639998204807	-5.52960560284087
"miR-1199-5p"	0.593194710183596	4.82589576772534	0.863912402409249	0.405970782275818	0.85930468836805	-5.53212829119714
"miR-26a-5p"	-0.587356460909492	10.6003273900044	-1.06012495231493	0.311676488262855	0.819639998204807	-5.53362391711386
"miR-6837-5p"	0.591377208339715	3.09223565297676	0.74639914359497	0.470985040326547	0.894681697174923	-5.53506458456056
"miR-6882-3p"	-0.622236231176417	3.67449911150116	-0.505066147008804	0.623418498783628	0.92333505028461	-5.53603794649131
"miR-186-5p"	-0.568403325498902	7.03549060914696	-0.920368763906094	0.377005826455523	0.848046502793299	-5.53649633932214
"miR-5095"	0.677923176815588	10.2134880587527	1.06254485272522	0.310624638380991	0.819639998204807	-5.54000426444096
"miR-6836-3p"	0.640203318316617	5.71826910625646	0.933891811472267	0.370288212699317	0.847802741817356	-5.54400573246085
"miR-4655-5p"	0.582128260053691	4.82437275553596	0.858271866581111	0.408946111665067	0.85930468836805	-5.54434945457517
"miR-3127-3p"	0.420639879980204	3.67796015057682	0.473691019699634	0.644927274936501	0.927391762994251	-5.54611126761663
"miR-4449"	-0.680648099960909	6.64779346579781	-0.914620273950752	0.379887217463396	0.848046502793299	-5.55393235714811
"miR-301b"	-0.396642665591937	3.88243074012186	-0.434088927200938	0.67256540322202	0.935343283943485	-5.55510743312171
"miR-941"	-0.337551976317363	3.75477552586041	-0.392834596408937	0.701902692949007	0.945834382046568	-5.56191997325919
"miR-362-5p"	0.438823696202769	3.11600951207345	0.376065317464341	0.713977757855781	0.949302265489861	-5.56249146781295
"miR-28-5p"	0.421671072140714	4.9500603174326	0.450369047389634	0.661139334290209	0.93242257417897	-5.564712217962
"miR-296-5p"	-0.415673420536254	3.93965912360321	-0.403165396183244	0.694506030383051	0.940278712367921	-5.56496683411283
"miR-129-2-3p"	0.562877760089699	5.32022327564029	0.99378237749067	0.341560642399295	0.830104348126155	-5.56600212508804
"miR-3934-5p"	-0.420575614673306	4.27829704941616	-0.48414902574734	0.637718873794429	0.924959288860099	-5.5678446520076
"miR-221-3p"	-0.63697542718578	10.0337252454109	-1.03412918985044	0.323145012314997	0.819639998204807	-5.57014449593792
"miR-6784-5p"	0.557286875403715	4.00456071532624	0.782877837883461	0.450126898894579	0.875308150177421	-5.57171471370318
"miR-376a-3p"	0.45055394031913	3.88212393204047	0.583074059699404	0.571533494295643	0.92333505028461	-5.57581345415721
"miR-6810-3p"	-0.413934559358818	3.86624937345983	-0.474376612796679	0.644453536843537	0.927391762994251	-5.5772274623613
"miR-4800-5p"	0.650608738226571	3.32028725966713	0.721292264085744	0.485688845978539	0.90004214270398	-5.57824013165592
"miR-7108-5p"	0.540216698062655	6.62861695117514	0.995294802790676	0.340856747024523	0.830104348126155	-5.58253789180914
"miR-376b-3p"	-0.41608777235115	3.64104207002603	-0.510956558305333	0.619420107262797	0.92333505028461	-5.58380503216593
"miR-1244"	0.385779211186206	4.43837448395098	0.440262972217664	0.668221837473763	0.934564975523447	-5.5864731057512
"miR-619-5p"	0.580919270429298	15.3769442882302	1.31161093841231	0.216209071462374	0.801324871107424	-5.58708745761701
"miR-18a-3p"	-0.301430256966393	3.24248332361646	-0.323209267097592	0.752561640295369	0.963906207908182	-5.58717956076238
"miR-4728-3p"	0.522679094050871	5.48073264748766	0.745043918209564	0.471771521665221	0.894681697174923	-5.58746183216566
"miR-6075"	0.796973079186776	2.3204300451128	0.690500529324009	0.504103748920298	0.907197851699406	-5.58870297951659
"miR-500a-5p"	-0.289760779510219	3.43655572783543	-0.280263319086149	0.784445039234838	0.97455149805775	-5.59018031052071
"miR-378a-3p"	-0.405701114702194	5.99911290533351	-0.460718389866092	0.653922034878113	0.929393695032778	-5.59200914146864
"miR-1248"	0.527106855641902	4.61503101022022	0.449177149384448	0.661972856204631	0.93242257417897	-5.59252369438478
"miR-8069"	0.539615560606534	6.62845816584697	0.987178778805296	0.344646431890353	0.832632352423342	-5.59256438478486
"miR-6727-3p"	0.467930901191223	4.3713552489049	0.556407365762088	0.589005919976602	0.92333505028461	-5.59371819553977
"miR-6775-3p"	-0.436492537626973	4.6244512168515	-0.547620913012342	0.594824041582146	0.92333505028461	-5.59570080421107
"miR-1587"	-0.281186609137865	3.59797831397601	-0.329403732355356	0.748000680438975	0.963906207908182	-5.59784750658643
"miR-582-3p"	-0.384082827529373	3.80667933734846	-0.456291680782866	0.657004620815213	0.929841861917473	-5.5979120087855
"miR-140-5p"	-0.415213385768063	4.26683307998535	-0.428115419687483	0.676779784222264	0.936221475856907	-5.59846742573101
"miR-324-5p"	-0.328339177962066	4.92123105037028	-0.378314361038606	0.712353445188488	0.949270995498368	-5.59868131190371
"miR-340-5p"	-0.221036479954152	2.86203170381785	-0.218932686547525	0.830687726152798	0.991238185957858	-5.59942307365028
"miR-6821-5p"	-0.52170732053811	6.22151888911335	-0.928328826646954	0.373041324826481	0.848046502793299	-5.60059108589491
"miR-6862-3p"	0.448825482979066	4.36381041591205	0.504974564909131	0.623480764916768	0.92333505028461	-5.60179217348791
"miR-6722-3p"	0.496636361072008	4.9575156813029	0.739062633920388	0.475252503558349	0.894681697174923	-5.60354148204268
"miR-181a-5p"	-0.592100711902968	9.03264805908474	-0.970341482672243	0.352605881130754	0.839740110484085	-5.60620834909412
"miR-1249"	-0.182283341758984	3.97088904355547	-0.208515520212351	0.838614517998257	0.991238185957858	-5.60810023641752
"miR-625-5p"	-0.197199683654975	3.73691301937508	-0.227844506576025	0.823921930304295	0.991238185957858	-5.60826022701742
"miR-1268a"	0.61201827675988	9.35621894940945	1.0042999433252	0.336687607306947	0.830104348126155	-5.61131155285948
"miR-6752-5p"	0.605170611212822	11.5380711048998	1.05139516502761	0.315493274352057	0.819639998204807	-5.61210867527053
"miR-1288-5p"	0.47734687610889	3.85856193654275	0.55969719967882	0.586835219160415	0.92333505028461	-5.61212297026841
"miR-425-5p"	-0.412253567342648	6.21580264599577	-0.390249006711944	0.703759015964954	0.945834382046568	-5.61236396527288
"miR-92b-5p"	-0.469815479710893	3.87008460109665	-0.667275579205264	0.518267561121007	0.907197851699406	-5.61237524027059
"miR-18b-5p"	-0.331153810004312	4.71736219376204	-0.350568485794003	0.732493880003381	0.963906207908182	-5.61431675318013
"miR-501-5p"	-0.163328614866613	2.98025515981454	-0.178314111467009	0.86169848394354	0.991238185957858	-5.61438512316236
"miR-132-5p"	0.107026687840979	3.47209848629335	0.112727301488831	0.912265544529863	0.991238185957858	-5.61613557757249
"miR-616-3p"	-0.331071952039995	4.47085488399088	-0.40621558823646	0.69232843458323	0.940278712367921	-5.61807788884893
"miR-6511a-3p"	0.301131841766846	3.70892221338348	0.326916973971364	0.749830473807217	0.963906207908182	-5.61924378614065
"miR-1303"	-0.489590053591999	5.07091478555368	-0.667441417068843	0.518165597790319	0.907197851699406	-5.61949855125119
"miR-99b-3p"	-0.0974122460069891	3.749384707455	-0.106217385376092	0.917310778804769	0.991238185957858	-5.6205071572065
"miR-4507"	0.493460241705255	7.12548951005264	0.795938320126697	0.442806078945679	0.872372109019227	-5.62219349260171
"miR-3689a-3p"	0.321081945989452	3.68860411378814	0.356406494779148	0.728238016768548	0.96179319363864	-5.62430079124015
"miR-30e-3p"	-0.430196886257146	5.29839634610307	-0.547593953718357	0.594841939209427	0.92333505028461	-5.62613247731826
"miR-548ay-5p"	0.332109120195023	5.18249276173716	0.407763487354153	0.691224464021464	0.940278712367921	-5.6275840804034
"miR-500b-5p"	-0.109622534730334	3.72823802824612	-0.12784127263443	0.900568033052903	0.991238185957858	-5.62848699147957
"miR-944"	0.0278106884802549	3.21725070068022	0.031458657608649	0.975463941442454	0.991238185957858	-5.62872696374156
"let-7d-3p"	-0.367864484861253	4.96458720184257	-0.459133998102293	0.655024573397079	0.929393695032778	-5.63046834386493
"miR-3178"	-0.506465776231132	11.654449175852	-1.02876737240476	0.32554906446898	0.819639998204807	-5.63152503512201
"miR-3609"	0.0648832811354345	4.16765941671523	0.0688565785341125	0.946332157605238	0.991238185957858	-5.63156344229303
"miR-874-3p"	-0.206686283433339	4.23734350042256	-0.235982816049043	0.81775637489879	0.991238185957858	-5.6320750037402
"miR-96-5p"	-0.447404947631397	6.17826442636014	-0.494182409518515	0.63083967463832	0.924959288860099	-5.63235217055092
"miR-6879-3p"	-0.419052959761623	3.59438093597109	-0.229014607580407	0.82303469159198	0.991238185957858	-5.63483486022512
"miR-195-5p"	-0.438577213376539	4.53075178556848	-0.61528472433876	0.550809313900184	0.915500297692532	-5.6356782154377
"miR-193a-5p"	-0.214888180845172	3.83579364046982	-0.205499303093441	0.840913199069088	0.991238185957858	-5.63738695948131
"miR-877-3p"	-0.237761333776154	4.08785295326121	-0.278230656544288	0.785964920738359	0.97455149805775	-5.63828442818886
"miR-24-2-5p"	0.0617683309870547	4.51587517674911	0.0701398153913977	0.945333753951125	0.991238185957858	-5.64398311790516
"miR-4252"	0.0652216195533493	3.69221394568817	0.0665866650288634	0.948098464938629	0.991238185957858	-5.64437002822704
"miR-6124"	-0.593501028545027	7.14630091810829	-1.07755391898242	0.304160319367048	0.819639998204807	-5.64581642440475
"miR-4486"	0.379143829162567	4.7559306975344	0.458995944451958	0.655120682164757	0.929393695032778	-5.64717937343916
"miR-139-5p"	-0.0673736064826096	3.97991576477444	-0.0711504956763602	0.944547477801428	0.991238185957858	-5.64770473080966
"miR-4285"	-0.495630910808505	4.89038208960874	-0.685193593420452	0.507319568768081	0.907197851699406	-5.64784017343459
"miR-128-3p"	-0.385148573501429	6.48209522116067	-0.509932896866908	0.620114049203835	0.92333505028461	-5.64958740928387
"miR-3654"	-0.0259006868519731	3.66356325035087	-0.0305221718719839	0.976194098818531	0.991238185957858	-5.65112041718356
"miR-378e"	-0.110741234186019	4.28517593572831	-0.111887037350826	0.912916533889346	0.991238185957858	-5.65118703061881
"miR-1910-5p"	0.213157418596096	3.84141706753211	0.25158303152053	0.805973931426877	0.987358891912791	-5.65151760578036
"miR-205-3p"	-0.0491127585946808	4.37459713993092	-0.0564051086773926	0.956024565913853	0.991238185957858	-5.65381984839433
"miR-3607-5p"	-0.0854347858275979	4.72963638867206	-0.0918826293675314	0.928433399647756	0.991238185957858	-5.65597126256445
"miR-9-3p"	0.0396641866189451	3.94518642723472	0.0471708147014141	0.963217561545886	0.991238185957858	-5.65721295097292
"miR-1227-3p"	-0.0498722212164862	3.78149073657722	-0.0482344080845938	0.96238889540303	0.991238185957858	-5.66036255802408
"miR-532-3p"	0.0268771988261909	4.69094217862504	0.0261370464462184	0.97961337622101	0.991315242489862	-5.66143975251507
"miR-1292-3p"	0.654425704596785	3.83191444784996	0.607491924352264	0.555784329121942	0.915500297692532	-5.66526239268471
"miR-6875-5p"	0.489685816047272	6.08053261400152	0.763660458303213	0.461040111873114	0.884779243821219	-5.66572718459724
"miR-129-1-3p"	-0.4142676599155	3.88799583491122	-0.473579753794184	0.64500417409818	0.927391762994251	-5.66690466338568
"miR-6884-3p"	0.0084593837282001	3.75320087266441	0.00869166019686527	0.993219847100759	0.994897583328969	-5.66792203751104
"miR-197-3p"	-0.382329156503202	5.94575307966848	-0.462907367053028	0.652400196947726	0.929393695032778	-5.66872858049558
"miR-7114-3p"	-0.421955811615098	4.81483524800698	-0.566266433231678	0.58251338578807	0.92333505028461	-5.66967562757391
"miR-6819-3p"	0.171576892976531	3.93667036109521	0.198062221424015	0.846587623051076	0.991238185957858	-5.67224651090223
"miR-4430"	0.0294695053154485	3.42007908239718	0.0343917977297147	0.973177191426946	0.991238185957858	-5.67504037521597
"miR-663b"	0.440722250750812	6.47845156263012	0.671850870227135	0.515458843610355	0.907197851699406	-5.67688128538803
"miR-6792-3p"	0.251473833734452	4.13153262579292	0.320960249951528	0.754220034518375	0.963906207908182	-5.67698713515558
"miR-1271-5p"	-0.0148241727314844	4.96308007164583	-0.0171520913320628	0.986620601986049	0.992774513697102	-5.67929593482602
"miR-196b-5p"	-0.124744421251898	3.75140877979571	-0.146958398007496	0.885807834541583	0.991238185957858	-5.67948085881043
"miR-652-3p"	-0.0404535570499061	5.05439920896586	-0.0421398588335347	0.96713787346834	0.991238185957858	-5.68153839753441
"miR-1538"	-0.138368414923139	4.04691119074029	-0.155194231951632	0.879462558121054	0.991238185957858	-5.68318400071348
"miR-1228-3p"	-0.396639877221028	5.24736257491119	-0.572324680683192	0.578542792412764	0.92333505028461	-5.68353286151561
"miR-6727-5p"	0.480260612627785	8.03098208175625	0.902409064371153	0.386059097228379	0.848046502793299	-5.68462416265635
"miR-6880-3p"	-0.487520318563806	6.4193319305318	-0.822610069967649	0.428098512702511	0.866424634923512	-5.68498061189875
"miR-4479"	0.169014306588878	3.95998903307835	0.212459981806415	0.835610786903821	0.991238185957858	-5.68558782177007
"miR-7110-5p"	-0.495804389468265	5.99278366503053	-0.844142576938847	0.416463953137222	0.860924591099431	-5.685615554046
"miR-522-5p"	-0.408647581680582	3.95629227549469	-0.43707386910628	0.670463867151369	0.935343283943485	-5.68662232682298
"miR-7851-3p"	0.129587492808282	4.39952261611548	0.14104896982549	0.890365917381962	0.991238185957858	-5.68711536345895
"miR-4461"	0.47239927821247	8.84939130438995	0.894397560442898	0.390146068110187	0.851673725576129	-5.68909947436242
"miR-198"	0.0104353752717028	3.66658497825027	0.0112068490602265	0.991257888900771	0.994612399523109	-5.68925319268119
"miR-7641"	0.897107140768827	10.2243321216452	0.885663346302319	0.394635773317512	0.856726012058913	-5.6902321854486
"miR-940"	-0.171375098927864	3.99093615263129	-0.156716733998992	0.87829050265862	0.991238185957858	-5.69134655125532
"miR-494-3p"	0.521555692516685	3.79291769013098	0.701662182366756	0.497380341801282	0.907197851699406	-5.69254307373407
"miR-6829-3p"	0.111665243399273	3.81271234472373	0.140721751894356	0.89061843080629	0.991238185957858	-5.69624595257321
"miR-3620-3p"	0.0444318262932475	3.81750319590817	0.0532432572872225	0.958487044214744	0.991238185957858	-5.69905617429032
"miR-766-3p"	0.321487883926264	5.59080439949208	0.369455452992252	0.71876009666123	0.9519243055009	-5.7010016274918
"miR-1322"	0.110040992756903	4.73221646250311	0.136044864150918	0.894228944980518	0.991238185957858	-5.70303290005452
"miR-4797-5p"	-0.425291390209639	4.31536858628814	-0.608852618499661	0.554913845774241	0.915500297692532	-5.70321343297068
"miR-455-3p"	-0.240903464634336	5.39830326381386	-0.299616088289252	0.770022207241954	0.968024401925157	-5.70402164834504
"miR-1909-3p"	-0.0559054302932283	4.45147914978187	-0.0458976139412336	0.964209596357345	0.991238185957858	-5.71224702437685
"miR-129-5p"	0.187181445947105	4.35892124267719	0.233888918520076	0.819341494867442	0.991238185957858	-5.71309959528032
"miR-1202"	-0.445588507106911	5.15366792922516	-0.553897651683689	0.590664719038152	0.92333505028461	-5.71321237653182
"miR-1976"	-0.0797702021779847	4.5786162032468	-0.0800028648299161	0.937663354191142	0.991238185957858	-5.71727219254945
"miR-6723-5p"	0.336411031735233	5.15973330699132	0.432748244909363	0.673510256735022	0.935343283943485	-5.71818596458994
"miR-548az-5p"	-0.123888309664048	4.62741807063779	-0.136440399058872	0.893923497673986	0.991238185957858	-5.71886795918517
"miR-877-5p"	0.150277194255821	4.08005784588561	0.152052881073589	0.881881788010378	0.991238185957858	-5.72832995142149
"miR-210-5p"	-0.377437789688678	5.48095673101329	-0.42514611505528	0.678878979120523	0.936221475856907	-5.72883347412575
"miR-6895-5p"	-0.0886203902746938	4.50669703579147	-0.103207094977564	0.919645075902213	0.991238185957858	-5.72913684013235
"miR-29b-3p"	-0.57621320498126	9.79280568276133	-0.832232899599236	0.422872583289534	0.864701523761013	-5.73272865923596
"miR-1255b-2-3p"	-0.473863862262208	9.59269738574821	-0.837527957375302	0.420015200268981	0.864701523761013	-5.73636498256172
"miR-6845-3p"	-0.417910794374938	6.67060253231701	-0.72570950835931	0.483081500919278	0.90004214270398	-5.73991387113513
"miR-6763-3p"	0.439632166785233	6.75292175827309	0.782746966306214	0.450200650597156	0.875308150177421	-5.74434300628544
"miR-3173-5p"	0.413057867421523	4.8880098732063	0.694812757221422	0.501499739917259	0.907197851699406	-5.74805551462805
"miR-1237-5p"	0.472408242070085	10.1942980451927	0.893414412106177	0.390649668392423	0.851673725576129	-5.74916988354887
"miR-30c-5p"	-0.45855203541459	8.44100691776655	-0.771999566140701	0.456283878019752	0.881356155262908	-5.75020206734811
"miR-6743-3p"	0.450320600140744	4.77556592977147	0.592663107927442	0.565319882400957	0.92333505028461	-5.75040569584372
"miR-6780b-5p"	-0.45476856020067	11.1816068152773	-0.861139930729108	0.407431389485286	0.85930468836805	-5.75532120672068
"miR-6741-5p"	-0.717256315106116	10.5578998168387	-0.81138961519702	0.434245963743189	0.871166875838251	-5.75646435604795
"miR-5100"	0.378912710768141	5.06556732148259	0.572618115732156	0.57835084297979	0.92333505028461	-5.76048368503966
"miR-527"	0.365944801640286	4.14814352897108	0.494659540159316	0.630513438965975	0.924959288860099	-5.76083991758265
"miR-6090"	0.486345961595095	12.975924101347	1.04596622351583	0.317884473097915	0.819639998204807	-5.76298355137232
"miR-3151-3p"	0.315989583852376	4.57723860085221	0.466941923316888	0.649599584676688	0.929393695032778	-5.76355457659817
"miR-361-5p"	-0.186119848106453	6.37908304099664	-0.227989384165302	0.823812061728769	0.991238185957858	-5.76517169462711
"miR-6849-5p"	0.480567713858809	3.35605845813327	0.544243909657686	0.597068133186485	0.92333505028461	-5.76583109655397
"miR-8089"	-0.352282313100805	4.78466656333669	-0.516913492205448	0.61538957695624	0.92333505028461	-5.76646395554847
"miR-4726-5p"	-0.347184464713769	4.44815578870718	-0.509067162929865	0.620701233100606	0.92333505028461	-5.76682315614604
"miR-7847-3p"	-0.435025187516402	7.54741013458245	-0.828220283283608	0.425046545721207	0.866160142998886	-5.76786589204243
"miR-370-3p"	-0.286693715731468	3.59860244826871	-0.378336161481082	0.712337707656363	0.949270995498368	-5.76842139036601
"miR-3615"	-0.140892296105372	4.22827307998648	-0.164565453312532	0.872253275635469	0.991238185957858	-5.76985318163453
"miR-3652"	-0.0958934830855687	4.55767323196544	-0.131141583624697	0.898016916905483	0.991238185957858	-5.77248134338473
"miR-126-5p"	0.149575421235682	4.57967643419172	0.173964869910778	0.86503444054348	0.991238185957858	-5.77622745037069
"miR-222-3p"	-0.510109364202834	9.66427830837297	-0.791480714279436	0.445295950585565	0.874372512242517	-5.77797751750999
"miR-6771-5p"	0.389169643555752	5.4575454102214	0.618169164769212	0.548974205211416	0.915500297692532	-5.78159631832329
"miR-7845-5p"	0.239642032888913	4.09901869891123	0.341949241810657	0.738794393225331	0.963906207908182	-5.78746677352013
"miR-30b-5p"	-0.423488155993185	9.21757907766396	-0.773193973788335	0.455605227083283	0.881356155262908	-5.7929355116026
"miR-6782-5p"	-0.296147925196399	5.39126741551453	-0.386318834558066	0.706584538358566	0.945834382046568	-5.79500654305218
"miR-6724-5p"	-0.373855057734213	6.21174929869165	-0.65341082138998	0.526833831163565	0.908175761279052	-5.79529816173731
"miR-7111-5p"	0.486482599256115	6.24893190300589	0.741395417911423	0.47389296354052	0.894681697174923	-5.80130001848886
"miR-1913"	-0.218369297641823	5.42564938621535	-0.321543562188145	0.753789783543022	0.963906207908182	-5.80135690660754
"miR-1914-5p"	-0.0689333135461325	5.37220848000096	-0.0967537987583523	0.924651847858664	0.991238185957858	-5.80140972697033
"miR-6778-5p"	0.566098921566221	7.74873110787853	0.627004223311068	0.543374731853375	0.915500297692532	-5.80749061604133
"miR-7855-5p"	0.425129558465657	5.42807060217998	0.683520142978923	0.508336165260793	0.907197851699406	-5.81099658247288
"miR-6716-5p"	-0.228895237573593	3.15592159750614	-0.29897076468804	0.770501716203498	0.968024401925157	-5.81243013609607
"miR-6808-5p"	-0.00184112405498782	4.19765903116304	-0.00252372979092695	0.998031274971896	0.998031274971896	-5.81296817844051
"miR-1245a"	-0.0797500696840617	3.62808684174447	-0.0911360951330791	0.929013109242227	0.991238185957858	-5.81506162079308
"miR-4271"	-0.445401140978206	9.895315569899	-0.856111191243487	0.410089758529778	0.85930468836805	-5.81656435334196
"miR-4484"	0.288932311126333	4.93616750663827	0.443005652799536	0.666296350752661	0.934536851437264	-5.81662293548389
"miR-4783-5p"	0.35202869587645	5.65532625759938	0.614758965891558	0.5511441770464	0.915500297692532	-5.81730477910081
"miR-574-3p"	-0.416389622141928	8.21319681082698	-0.741274385717202	0.473963440767783	0.894681697174923	-5.81764561443056
"miR-548w"	-0.187114352735503	5.61583544698927	-0.279031469532162	0.785366017855313	0.97455149805775	-5.81938794999518
"miR-6777-3p"	-0.0912005810649806	4.67547397942994	-0.121722679823116	0.905300738969258	0.991238185957858	-5.82220526872865
"miR-149-3p"	-0.42603787552956	11.0968616569404	-0.803312450753233	0.438707104081506	0.871166875838251	-5.82315508176298
"miR-4758-5p"	-0.314920789720981	5.55796281135372	-0.489185694948147	0.634261072858733	0.924959288860099	-5.82766947380245
"miR-22-5p"	0.0397189959645676	6.13147176077613	0.0544520324979054	0.95754558439251	0.991238185957858	-5.82810569310534
"miR-6893-5p"	0.0512387248415864	3.31890453385341	0.0724280798268725	0.943553647475886	0.991238185957858	-5.82934310808422
"miR-7106-5p"	0.127935900881939	2.91238479757755	0.151468261731205	0.882332156994233	0.991238185957858	-5.83102764068317
"miR-6732-5p"	-0.0811887690848438	3.79766884105782	-0.102461145476973	0.920223637403415	0.991238185957858	-5.83244334399681
"miR-6749-3p"	-0.357659022689765	6.38544362733299	-0.575254551417456	0.576627761623895	0.92333505028461	-5.83613697038091
"miR-6797-5p"	0.173724175629821	4.54304563349788	0.202673671825396	0.843068038188733	0.991238185957858	-5.83845725092139
"miR-4417"	-0.355541201287835	6.40058675617897	-0.572465265446878	0.578450825157807	0.92333505028461	-5.83906924502627
"miR-6738-5p"	-0.2261058628031	4.32842831070543	-0.340958075897341	0.739520212470723	0.963906207908182	-5.84305309886444
"miR-4728-5p"	-0.187118214872493	4.43964419884904	-0.277413483026189	0.786576208110403	0.97455149805775	-5.84429326570264
"miR-6877-3p"	-0.0204153802782294	5.42338666618489	-0.0283445103901758	0.977892060469297	0.99126494334751	-5.84810501897483
"miR-3687"	-0.392400766506146	8.97740516468543	-0.697851633712316	0.499669552320477	0.907197851699406	-5.85058581864923
"miR-548d-5p"	0.35953259798068	7.95031177514231	0.678214828874522	0.511567105970717	0.907197851699406	-5.85127346014137
"miR-548at-3p"	0.214262049196837	4.33575519855306	0.282254367995736	0.782957181985466	0.97455149805775	-5.8516522409721
"miR-6756-3p"	0.378822769311499	6.7644996364399	0.654189777513837	0.526350378970492	0.908175761279052	-5.85187496609142
"miR-6726-5p"	-0.109964841600964	4.70375936298984	-0.127474872233668	0.900851330701992	0.991238185957858	-5.85803338899706
"miR-6763-5p"	-0.38566964504882	6.72013746043914	-0.669730676249939	0.516759284757516	0.907197851699406	-5.85976400644489
"miR-6859-5p"	0.108889879196718	4.43279322388369	0.157753698268354	0.877492398806875	0.991238185957858	-5.86019282518187
"miR-548b-5p"	0.0434228715453148	5.32169292390377	0.0551503828278093	0.957001701893865	0.991238185957858	-5.86601143128548
"miR-6887-5p"	0.0464635221356327	3.76195225041727	0.0617240776637413	0.951883198641675	0.991238185957858	-5.86807797457248
"miR-126-3p"	-0.313792099623044	6.23573531671877	-0.489582920124185	0.633988753186735	0.924959288860099	-5.87035123775201
"miR-1268b"	0.371515034930591	8.53293419575976	0.641728400454586	0.534115337148663	0.913933439716904	-5.87162223980274
"miR-1914-3p"	0.172087226852207	5.2557230695084	0.184456936729661	0.856991617562862	0.991238185957858	-5.87419464859789
"miR-6746-5p"	-0.262979115787515	5.77432859468574	-0.405205133701804	0.693049499160806	0.940278712367921	-5.87623794111776
"miR-24-3p"	-0.418448419988098	11.0062191097704	-0.657377458672569	0.52437466850391	0.908175761279052	-5.87678290645559
"miR-4632-5p"	0.357222123356068	7.22490260153827	0.628060385735745	0.542707532979769	0.915500297692532	-5.87813837691579
"miR-224-5p"	-0.329149002412681	7.20788768321457	-0.581084401195475	0.572827403248627	0.92333505028461	-5.87824306854725
"miR-6732-3p"	0.228918440204671	4.90205847859132	0.334787543912523	0.744044749231097	0.963906207908182	-5.88183718672214
"miR-3663-5p"	0.186264526702983	4.50976595903731	0.276578521108095	0.787200957115788	0.97455149805775	-5.88412246186225
"miR-6068"	0.294985166407636	5.20541591573839	0.506823958782598	0.62222396817275	0.92333505028461	-5.88568163591893
"miR-1469"	-0.213406968091727	5.19270415981289	-0.338214671883457	0.741530553596935	0.963906207908182	-5.88613159845986
"miR-6805-3p"	-0.0874049098490492	4.97402737124848	-0.127976652823871	0.900463361903977	0.991238185957858	-5.8891621218081
"miR-4695-5p"	0.296544775131361	5.69298878585508	0.517806957054065	0.614786183502319	0.92333505028461	-5.88965009841528
"miR-6880-5p"	0.193971908683067	5.23861127431166	0.307642017840867	0.764066963606303	0.964024913656463	-5.89298646372149
"let-7a-5p"	-0.378672622060648	9.96457788128564	-0.608902525989495	0.554881932670912	0.915500297692532	-5.89406131874345
"miR-3180-3p"	0.0439475707662702	4.3071175457102	0.0584429428527626	0.954437734320264	0.991238185957858	-5.90468055534166
"miR-6799-5p"	0.342021500312374	7.76034551032317	0.603841097083216	0.558123640703353	0.916806977665064	-5.90518521535911
"miR-152-3p"	-0.280949616000682	7.45553792755977	-0.487894610659238	0.63514657200866	0.924959288860099	-5.90974427552897
"miR-4787-3p"	0.316374478754039	5.61188105670787	0.52530805887353	0.609732132835163	0.92333505028461	-5.9110236396837
"miR-2861"	0.337150990164028	10.4891169098687	0.668945629702867	0.51724129192164	0.907197851699406	-5.91111362182169
"miR-3648"	-0.308284337296391	6.91700904653519	-0.533623788449166	0.60415392550743	0.92333505028461	-5.91420636197814
"miR-29a-3p"	-0.345158788584863	10.1577961281423	-0.579750777774129	0.57369556814115	0.92333505028461	-5.91804068962539
"miR-6510-5p"	0.380006973237283	6.65234036437263	0.610567730134267	0.553817712791727	0.915500297692532	-5.91817614647621
"miR-4322"	0.126877452610063	4.22259922124818	0.152758303895782	0.881338414526779	0.991238185957858	-5.92153271227282
"miR-7113-3p"	-0.303734043951965	6.47072571090886	-0.512147728318687	0.618613097575095	0.92333505028461	-5.92491296537631
"let-7f-5p"	-0.417432347074347	9.65375811929869	-0.545482990908384	0.596244226847845	0.92333505028461	-5.92611009648093
"miR-4530"	-0.154079355719252	5.60832618440887	-0.249510606198185	0.807536361851102	0.987358891912791	-5.92766530441128
"miR-1229-3p"	-0.187735685995014	5.4460610557727	-0.308766259052251	0.763234035375655	0.964024913656463	-5.9285435140804
"miR-342-3p"	-0.245185314700713	7.01255717675664	-0.42661480979179	0.67784030659079	0.936221475856907	-5.93004803755282
"miR-6086"	0.152416635088688	4.95487782607347	0.218879586349854	0.83072808301808	0.991238185957858	-5.93253450271659
"miR-4687-5p"	0.22267744767284	6.78299460840778	0.387608000337053	0.705657206238798	0.945834382046568	-5.93303494994991
"miR-4496"	0.0635696116881296	5.45671650234115	0.096256624978967	0.92503772296743	0.991238185957858	-5.93553371162056
"miR-6511a-5p"	0.0600114372259815	4.66768203493087	0.0891349866049622	0.930567250094183	0.991238185957858	-5.93570571552973
"miR-99a-5p"	-0.292429387317181	7.45132126487257	-0.541241356693653	0.599067076892928	0.92333505028461	-5.93743491556492
"miR-125a-5p"	-0.292398274889693	8.34131974839246	-0.541602663699246	0.598826354435665	0.92333505028461	-5.93822809862497
"miR-6812-3p"	-0.145411758883078	5.64443920613625	-0.243166337855747	0.812324812781201	0.991169987611631	-5.93832216404397
"miR-6804-3p"	-0.0329976894201442	5.62107470347057	-0.047891289434504	0.962656220754421	0.991238185957858	-5.9390272096579
"miR-4516"	-0.359809947483605	13.70450338582	-0.819783594085736	0.429641617750582	0.866590065735017	-5.94524374609688
"miR-4634"	0.273643284919446	8.87010771792853	0.507419556020911	0.621819483775078	0.92333505028461	-5.94679366829548
"miR-6791-5p"	0.120142505570586	5.13899011671129	0.193582570125687	0.85000996200137	0.991238185957858	-5.95242109970274
"miR-7108-3p"	0.0772775425345449	5.65342794657539	0.127696503493679	0.900679965587381	0.991238185957858	-5.95692633569069
"miR-7975"	0.0652993296683042	5.30433408789555	0.099417677460616	0.922584659247182	0.991238185957858	-5.95701653947433
"miR-1181"	0.310158600297661	7.49126271735644	0.483803024735134	0.637956743918685	0.924959288860099	-5.96214711222088
"miR-765"	0.195531528205636	5.1870349768909	0.344642757024574	0.736823305799475	0.963906207908182	-5.96378120615779
"miR-4734"	-0.0713837259345613	5.72209501859344	-0.119274031403759	0.907195844672907	0.991238185957858	-5.96475492346923
"miR-6085"	-0.0190590167114504	5.26984053150696	-0.0319617631753565	0.975071690713037	0.991238185957858	-5.96606011982917
"miR-1207-5p"	0.228168698329928	6.47645209349305	0.413050208414168	0.687459599833794	0.940278712367921	-5.97032201711304
"miR-649"	-0.0103779302883207	6.39076055866258	-0.0163097050236833	0.987277635798998	0.992774513697102	-5.97175999407886
"miR-6877-5p"	-0.137614116521835	5.45144803909069	-0.222823860190197	0.827731775631267	0.991238185957858	-5.97600730520537
"miR-6730-3p"	-0.0667025184245256	5.22411073059774	-0.11398451908098	0.911291648659485	0.991238185957858	-5.9790764613456
"miR-1273c"	-0.0703626330404288	5.8834455219153	-0.115593416968644	0.91004554773691	0.991238185957858	-5.9877667094579
"miR-1203"	-0.0808699698808012	4.52506816654105	-0.117575034036263	0.90851112079418	0.991238185957858	-5.99656361474917
"miR-1973"	0.291115107141175	10.952099886653	0.528403934433289	0.607652363165214	0.92333505028461	-5.99689094383895
"miR-1285-5p"	0.228081357546463	10.1547238662054	0.409997753368376	0.68963229273818	0.940278712367921	-5.99765348389623
"let-7e-5p"	0.0928595545387466	6.94741482321465	0.138918325166084	0.892010357925408	0.991238185957858	-6.00168541900787
"miR-5739"	0.236644687913767	6.04843515535903	0.409090552214371	0.690278589387512	0.940278712367921	-6.00270084196959
"miR-6858-3p"	0.222517666758564	7.279294457576	0.406777079667784	0.691927889319375	0.940278712367921	-6.00692671076035
"miR-1273g-3p"	0.371824071659578	15.4707049320202	0.852445248462202	0.412035097827329	0.860340890885937	-6.00702325436751
"miR-3674"	-0.149326004915118	6.94795832942428	-0.259339068601159	0.800134436345048	0.9826902520058	-6.01038552588796
"miR-6165"	0.012310889938338	5.88020832110616	0.0200863826250625	0.984332034701547	0.992774513697102	-6.02027849357983
"miR-1225-3p"	0.040446798501433	6.70956793371582	0.0657391303743281	0.948758039513369	0.991238185957858	-6.02544150891446
"miR-4463"	-0.203621027195937	7.47873311127579	-0.338869369199726	0.741050613954708	0.963906207908182	-6.02645919092472
"miR-3141"	0.282559328122767	7.67195545952678	0.503652419593689	0.624380025571887	0.92333505028461	-6.03101102659011
"miR-1915-3p"	0.167401750912471	8.2289804707085	0.308773951754007	0.763228337079377	0.964024913656463	-6.03298086323721
"miR-4674"	0.0291751904424226	7.13077418916353	0.0383499018238528	0.970091756253332	0.991238185957858	-6.0369654266068
"miR-574-5p"	-0.164147682621039	8.18238736666313	-0.313204619137511	0.759948803349628	0.964024913656463	-6.03834270051999
"miR-22-3p"	-0.231452135397212	10.6202942483149	-0.328863241899671	0.748398244030853	0.963906207908182	-6.03913593471853
"miR-335-5p"	-0.169731282466002	7.82001358483884	-0.314041151720781	0.759330160405155	0.964024913656463	-6.03921992625721
"miR-4485"	0.235813711973189	11.3735677867789	0.442536156694354	0.666625781042096	0.934536851437264	-6.03967349087396
"miR-210-3p"	-0.0857369950163267	6.97567401272362	-0.121946176402326	0.905127796584566	0.991238185957858	-6.04109129553215
"miR-1299"	0.108886634572498	6.77881768469565	0.195792554125662	0.848321183112826	0.991238185957858	-6.04210801758024
"miR-4741"	0.177943146236209	6.94915397833124	0.31170939426632	0.761055006769868	0.964024913656463	-6.04300155589842
"miR-654-5p"	0.128492718986509	7.02805508046599	0.240191537940844	0.814572869893808	0.991238185957858	-6.05585976340402
"miR-424-5p"	-0.117152850323306	7.43011599687492	-0.208216424270203	0.838842391441864	0.991238185957858	-6.05623446760719
"miR-376c-3p"	0.147205973622467	7.66855747892249	0.201341127119293	0.844084709175557	0.991238185957858	-6.05715655469935
"miR-100-5p"	0.110693406190328	7.62992706798549	0.209973826161079	0.837503693979689	0.991238185957858	-6.06356564074309
"miR-5591-3p"	-0.062274658969888	6.98909093279639	-0.11235339884195	0.912555214992153	0.991238185957858	-6.06741177800515
"miR-1286"	-0.00889744978891949	5.86870495534429	-0.0157014696614456	0.98775204566828	0.992774513697102	-6.06863734842143
"miR-3656"	0.116071225402106	8.26457653846447	0.200622330875823	0.844633241178648	0.991238185957858	-6.07534310719252
"miR-1275"	-0.0487768334776126	7.43578378725242	-0.0754357998638432	0.941214346498187	0.991238185957858	-6.07542373107281
"miR-1470"	0.131064708610749	7.88572469071225	0.178306436683089	0.861704368201662	0.991238185957858	-6.07555848659865
"miR-1227-5p"	0.056168935821591	9.62892174034535	0.102204834433451	0.920422444440308	0.991238185957858	-6.07662442768427
"miR-3665"	-0.0178959337216401	9.28787242365307	-0.0336328404957812	0.973768870373057	0.991238185957858	-6.07679106759313
"miR-4443"	0.051338410133934	6.49402595532586	0.0962001552558053	0.925081552499472	0.991238185957858	-6.0778829748308
"miR-4454"	-0.032719300650466	8.40635449107686	-0.0580342237821106	0.954755981583547	0.991238185957858	-6.08084004686465
"miR-1246"	-0.311144957297352	17.9352404196928	-1.05487299410163	0.313968542198518	0.819639998204807	-6.08173384960661
"miR-125b-5p"	-0.0312468055879211	9.72817023378734	-0.0586776898525382	0.954254953368863	0.991238185957858	-6.08327991803493
"miR-7-5p"	0.087470630388599	9.23334707406048	0.164572366525934	0.872247961677357	0.991238185957858	-6.08388768297662
"miR-7977"	0.0258547993895603	8.36232873508341	0.0426178647005584	0.966765352485972	0.991238185957858	-6.08584416633517
"miR-5196-5p"	0.0554584917925949	6.12949343399473	0.100711527293601	0.921580836852865	0.991238185957858	-6.08660931073058
"miR-6088"	0.0567900340638161	8.39675091421993	0.0984420239191378	0.923341704886372	0.991238185957858	-6.09379824089761
"miR-638"	-0.152718827257223	10.9263261463442	-0.258981068796693	0.800403695984488	0.9826902520058	-6.09440015609685
"miR-1260b"	0.0921895718740899	10.210604315475	0.178061980173261	0.861891797627426	0.991238185957858	-6.10290762883242
"miR-4787-5p"	0.0500183685760958	11.2715026232071	0.095542881115961	0.925591721340803	0.991238185957858	-6.15899083770589
"miR-6786-5p"	0.0457398114864009	11.0269965236458	0.0904898363668145	0.929514986191482	0.991238185957858	-6.15923281913177
"miR-4488"	-0.131341072230959	12.9918005388975	-0.2739314754841	0.789182604181433	0.974969342249146	-6.16606142111335
"miR-4739"	0.147471995894112	11.4430475393204	0.266153269556216	0.7950145284155	0.98013225644572	-6.1749558854325
"miR-6087"	0.168501917118934	14.2000951812152	0.368903035374983	0.719160352216531	0.9519243055009	-6.178177123353
"miR-4466"	0.179484150617569	12.5891363561822	0.399608362607294	0.697049106637327	0.94157202787229	-6.18268417412832
"miR-4281"	-0.155248317078762	12.8838751055107	-0.329679713772151	0.747797708793772	0.963906207908182	-6.18361400251618
"miR-5787"	-0.156748516649281	13.6835387662731	-0.348464036765897	0.73403031967255	0.963906207908182	-6.23793976868302
"miR-4792"	-0.128605994960267	14.464015809118	-0.294826886988155	0.773583208918294	0.969841105472617	-6.24592676946191
"miR-663a"	0.0530142097517106	12.5986726819555	0.109292596442139	0.914926979182168	0.991238185957858	-6.26236106862742
"miR-4497"	0.219381137242422	16.1901509299486	0.49898952856602	0.627556592530153	0.924959288860099	-6.26564817828067
"miR-3960"	0.253426303403432	16.3667078589367	0.640638704440176	0.534797476529116	0.913933439716904	-6.27222075192316
"miR-6126"	0.0877375411901773	14.1694436102572	0.182111006045917	0.858788485114809	0.991238185957858	-6.27692336880735
