"logFC"	"AveExpr"	"t"	"P.Value"	"adj.P.Val"	"B"
"miR-6778-5p"	9.66066698546625	7.74873110787853	11.6427608614244	1.49618615919472e-07	8.87238392402468e-05	7.63645009022347
"miR-6800-5p"	5.6236127109923	5.65571311789685	9.67852351062151	9.75775287996607e-07	0.000289317372890994	5.93969155611972
"miR-6726-5p"	4.95333257265557	4.70375936298984	6.34800505385629	5.31212957730806e-05	0.00846989766161307	2.2904600857597
"miR-1914-3p"	5.25077069248942	5.2557230695084	6.29597380675371	5.71325306011e-05	0.00846989766161307	2.22565645826354
"miR-4259"	4.07095700739123	2.82588189638742	4.55846124417937	0.000806135596493435	0.0956076817441213	-0.25864795826539
"miR-5010-5p"	3.60227734914027	3.98893686096531	3.74442585110645	0.00320784799587265	0.317042310258746	-1.52150641018708
"miR-9-5p"	3.28436823390355	3.17833013362548	3.24636342442598	0.00772727823692137	0.522725192582727	-2.31458417743596
"miR-5100"	-2.23981107949373	5.06556732148259	-3.17770243699356	0.00873461575344212	0.522725192582727	-2.54765380185449
"miR-1910-3p"	2.57465018210543	3.50405705312882	3.11926437913971	0.00969642009849915	0.522725192582727	-2.57786164497669
"miR-494-3p"	-2.46574585264557	3.79291769013098	-3.14895766322505	0.00919499945162331	0.522725192582727	-2.6116318502662
"miR-3607-5p"	2.71924891593528	4.72963638867206	3.02575963755612	0.0114634207104411	0.522908344714738	-2.69555362073351
"miR-1275"	1.97982634801569	7.43578378725242	3.14887315814159	0.00919638855114832	0.522725192582727	-2.77217529386599
"miR-198"	2.60201805992106	3.66658497825027	2.91651042566244	0.0139435666041038	0.524647561164881	-2.89746344796948
"miR-362-3p"	2.46516536245711	4.44933710099738	2.86588323506629	0.0152690149965388	0.524647561164881	-2.94924740242286
"miR-200c-3p"	1.82305212117944	9.71107292950403	3.02716573624989	0.0114345775164504	0.522908344714738	-2.98083971006641
"miR-4665-5p"	2.7596676670084	3.90885523749016	2.84242420940022	0.0159252210808902	0.524647561164881	-2.99670392797773
"miR-96-5p"	2.48548612203145	6.17826442636014	2.87174475368057	0.0151093190732517	0.524647561164881	-3.01334996341558
"miR-1587"	-2.35816633500438	3.59797831397601	-2.77916238116071	0.0178385106516203	0.544658560932603	-3.07866164850385
"miR-3620-3p"	-2.31447666755507	3.81750319590817	-2.76279969171623	0.0183695973333087	0.544658560932603	-3.13133817370371
"miR-6794-5p"	1.92477972258849	5.42442684603649	2.8765442239893	0.014979803262184	0.524647561164881	-3.18186547945383
"miR-629-5p"	2.39724242142024	3.21493918321309	2.69233944642259	0.0208418542116286	0.561782706704352	-3.21816452346533
"miR-361-3p"	2.33875425043288	4.30267483107872	2.69522744919291	0.0207343220847057	0.561782706704352	-3.22467722011073
"miR-4706"	-1.90458245898655	3.25049682979336	-2.63050658159978	0.0232811584294819	0.600248997768817	-3.44081810712029
"miR-6859-5p"	-1.82412894531005	4.43279322388369	-2.59014616690417	0.0250232152904821	0.604659195581559	-3.52825349542095
"miR-181c-5p"	1.75603838439103	5.72726030617503	2.57248459090477	0.0258253198425724	0.604659195581559	-3.56236716590437
"miR-6829-3p"	-1.99909966530089	3.81271234472373	-2.480092376505	0.0304505415097717	0.604659195581559	-3.58658609546493
"miR-28-5p"	2.23603121927137	4.9500603174326	2.45909765961559	0.0316095026357982	0.604659195581559	-3.61675955881295
"miR-1236-5p"	2.04080437425813	3.20382356527328	2.47516772644108	0.0307186139615396	0.604659195581559	-3.67420060519024
"miR-1228-3p"	-1.74161409191575	5.24736257491119	-2.49140508608021	0.0298433592350444	0.604659195581559	-3.67766037379101
"let-7d-5p"	1.98614839217733	8.15764395058431	2.53846172443073	0.0274423149472013	0.604659195581559	-3.72282993844091
"miR-32-5p"	2.17641686151368	4.25968654651037	2.3566324688317	0.0379103865880069	0.661201742549649	-3.76514711348854
"miR-129-5p"	-1.9480914424619	4.35892124267719	-2.37718175513749	0.036556182588502	0.656903523484294	-3.77088244524272
"miR-625-5p"	1.94623874075369	3.73691301937508	2.31674463965892	0.0406787467439891	0.687305462037794	-3.82190283825437
"miR-141-5p"	1.98809237885609	4.00495803264261	2.28627361493041	0.0429238434423721	0.687305462037794	-3.87331491692674
"miR-3687"	1.36082449804296	8.97740516468543	2.47055001115524	0.0309720704521312	0.604659195581559	-3.9485588851435
"miR-146b-5p"	1.93386553653682	4.14873235573015	2.22764110560445	0.0475831932719506	0.687305462037794	-3.96153608688769
"miR-7113-3p"	-1.42067675362636	6.47072571090886	-2.3903485631013	0.0357132426122322	0.656903523484294	-4.02910202384408
"miR-6729-3p"	-1.98723263572532	2.25589914924011	-2.15645237268261	0.0538915043153897	0.687305462037794	-4.05300391677104
"miR-454-3p"	1.96225412867197	5.17859530571666	2.19458783081652	0.0504192477130549	0.687305462037794	-4.08624607473445
"miR-4539"	-1.52023566912618	5.3667859189638	-2.22787176042127	0.0475639486295869	0.687305462037794	-4.12327666831701
"miR-21-3p"	1.7163127076009	5.74028593076373	2.12756354667114	0.0566717997217766	0.687305462037794	-4.14152405724885
"miR-6782-5p"	1.6059010981121	5.39126741551453	2.23024314355639	0.0473665238607931	0.687305462037794	-4.17734114143865
"miR-6837-5p"	1.64248305005609	3.09223565297676	2.1763439019393	0.0520529320330042	0.687305462037794	-4.19531105789936
"miR-181a-3p"	1.88073894155641	2.84759281428574	2.03867979345293	0.0661006076697056	0.687305462037794	-4.23216610612337
"miR-4448"	-1.91459223806675	7.44715617422044	-2.27411835161334	0.0438522937019919	0.687305462037794	-4.24055055605768
"miR-132-5p"	1.8680738950645	3.47209848629335	2.01896518203575	0.068382836863794	0.687305462037794	-4.26634924526515
"miR-25-3p"	1.30501438573363	8.23199199136391	2.21486556461781	0.048660818439246	0.687305462037794	-4.27665930710441
"miR-22-5p"	1.47192386520705	6.13147176077613	2.11706103445381	0.0577158423496801	0.687305462037794	-4.30981577545365
"miR-363-3p"	1.76153471554894	5.63660996406818	1.9945768264813	0.0713080991448517	0.701521961905918	-4.33207986626981
"miR-210-5p"	-1.85513484895803	5.48095673101329	-2.04778421041464	0.0650709237212811	0.687305462037794	-4.3527874407486
"miR-340-5p"	1.91773876985524	2.86203170381785	1.95220216490434	0.0766697882821682	0.721017476956352	-4.36609912660761
"miR-6893-3p"	-2.03407122867393	4.07139891076352	-2.03677096374438	0.0663184197473865	0.687305462037794	-4.3718366516494
"miR-182-5p"	1.59495172498028	6.28330986224903	2.05196067160899	0.0646036309613458	0.687305462037794	-4.37865082188581
"miR-30e-5p"	1.38377005647946	7.33569738813208	2.07887826457352	0.0616667294651061	0.687305462037794	-4.38481829580269
"miR-30d-5p"	1.17739213617692	9.04361021873324	2.16747380018432	0.0528653047534898	0.687305462037794	-4.40782318633092
"miR-20a-3p"	1.72406002756467	3.05269382304662	1.91658010842791	0.0814640319664007	0.721017476956352	-4.41078026099171
"miR-4461"	1.13280406969641	8.84939130438995	2.18221536720965	0.0515217388511188	0.687305462037794	-4.41306742039915
"miR-652-3p"	1.81159062533746	5.05439920896586	1.94638937904491	0.0774338291823799	0.721017476956352	-4.4284168518133
"miR-296-3p"	1.37767430327157	3.39693664488225	2.03469626949435	0.0665559211366267	0.687305462037794	-4.43903539319311
"let-7a-5p"	1.29814421172392	9.96457788128564	2.1223869496293	0.057184145538505	0.687305462037794	-4.50325576387401
"miR-4784"	1.40694118162174	1.70538208100952	1.9216685837198	0.080762621322427	0.721017476956352	-4.59264327640936
"miR-92a-3p"	1.17442634274601	9.91527138057623	2.07053703357624	0.0625631107091118	0.687305462037794	-4.59801191628393
"let-7f-5p"	1.522919977515	9.65375811929869	2.03624814589947	0.0663781945334964	0.687305462037794	-4.64063819367098
"miR-1291"	1.49704059449129	3.55532802786998	1.77473643857167	0.103417106778021	0.74086760910193	-4.6410807579078
"miR-4443"	-1.07365276360465	6.49402595532586	-2.0244376468992	0.0677420373614144	0.687305462037794	-4.64888297549144
"miR-3663-5p"	-1.27835748483921	4.50976595903731	-1.92327105025533	0.0805428906650133	0.721017476956352	-4.66267708770466
"miR-1245a"	-1.57792212609907	3.62808684174447	-1.85351186096559	0.0906361625348352	0.726314113285909	-4.68407117054944
"miR-3610"	1.27296962117559	4.05022794141179	1.87338076782789	0.0876490256780381	0.726314113285909	-4.68628387312489
"miR-141-3p"	1.30474422111959	9.86015967535505	1.9876232005912	0.0721633046817217	0.701521961905918	-4.73013568618099
"miR-200b-5p"	1.52167057856129	3.32432495944629	1.68167066164281	0.120602601527873	0.761449295907618	-4.75088085468728
"miR-23c"	1.45868410192431	4.14016991663314	1.68727866185312	0.119498811021093	0.761449295907618	-4.76106698582858
"miR-362-5p"	1.90234656174298	3.11600951207345	1.67032669538998	0.122863180100138	0.761449295907618	-4.76847880183837
"miR-6749-3p"	-1.17485498612575	6.38544362733299	-1.88890341058995	0.0853784993172864	0.726314113285909	-4.77698145045821
"miR-155-5p"	1.55623719644156	5.47714192266207	1.69994858471418	0.11703818858136	0.761449295907618	-4.78465977305005
"miR-602"	1.3655179268648	5.91624236875105	1.8398198153363	0.0927486116075017	0.733332355776647	-4.79007539877705
"miR-4800-5p"	1.53219651294073	3.32028725966713	1.8055072576748	0.0982414152769652	0.734904796024001	-4.79383393973781
"miR-4505"	1.38945371378924	4.70618545026651	1.8129923583697	0.0970185261763838	0.734904796024001	-4.79406362477437
"miR-103a-3p"	1.1948507476019	7.76009619297802	1.85852723624578	0.0898734610798624	0.726314113285909	-4.80292167975184
"miR-3689a-3p"	-1.50748958340003	3.68860411378814	-1.65793450575353	0.12537564398873	0.761449295907618	-4.80913563014889
"miR-501-5p"	1.46534640753213	2.98025515981454	1.63329603199583	0.130506730179189	0.761449295907618	-4.8156469747089
"miR-6729-5p"	-1.17589129852645	8.3776322040301	-1.91890678624783	0.0811426203445586	0.721017476956352	-4.8205463318197
"miR-7114-3p"	-1.2855460797722	4.81483524800698	-1.75921157853322	0.106121034706054	0.749163971198692	-4.82133453231335
"miR-429"	1.21850866053681	5.92211269761428	1.73339159284257	0.11075959591815	0.75225297916447	-4.85643317245655
"miR-15b-5p"	1.02023999513873	9.59729723340483	1.90597466370742	0.0829440321762594	0.723320751184144	-4.86017823554358
"let-7g-5p"	1.00166892937204	8.70792679684218	1.8684978860764	0.0883746404981654	0.726314113285909	-4.90239107043805
"miR-135b-5p"	1.55988002563025	5.51475608405287	1.61644061359641	0.134123032468547	0.761449295907618	-4.93943446927759
"miR-6870-5p"	-1.20000974021019	4.73131122480199	-1.79246986374649	0.100404921055848	0.735063187482933	-4.94245824454593
"miR-6798-5p"	1.12962192020913	5.80561858300592	1.73780649183288	0.109953746389961	0.75225297916447	-4.94925357650997
"miR-1538"	-1.39592452162003	4.04691119074029	-1.55734290082492	0.147507442259395	0.768747126938623	-4.95492547841002
"miR-500b-5p"	1.27052952070145	3.72823802824612	1.53157743478795	0.153698233860766	0.768747126938623	-4.9654764981221
"miR-944"	1.31271510446213	3.21725070068022	1.52005960430071	0.156537709813511	0.768747126938623	-4.96573841075403
"miR-30c-5p"	1.03757318353233	8.44100691776655	1.80003692285058	0.0991439859728838	0.734904796024001	-4.97944395111922
"miR-3176"	1.30101626411775	2.57984413816532	1.49169262966993	0.163724738774227	0.768747126938623	-4.98865987762266
"miR-27b-3p"	1.09818578231956	9.70197586309818	1.80946639721598	0.0975928492144663	0.734904796024001	-4.99717946459394
"miR-204-3p"	1.16175359258705	3.77212119442545	1.64169662407191	0.128736760931445	0.761449295907618	-5.00677662824874
"miR-7854-3p"	1.08172564387269	2.02280811247259	1.64382082051403	0.128292579129685	0.761449295907618	-5.01166682356182
"miR-6124"	-1.00383353234119	7.14630091810829	-1.8810345756755	0.0865226428038532	0.726314113285909	-5.02646139244211
"miR-4690-5p"	-1.00042553806126	4.84244948959102	-1.7083055012131	0.115440080781779	0.761449295907618	-5.03032755277496
"miR-21-5p"	1.33087723252699	12.4802388585092	1.80252706724243	0.0987321975464213	0.734904796024001	-5.03418016197253
"miR-27a-3p"	1.09024185091981	12.1867280328746	1.77311550904418	0.103696478171096	0.74086760910193	-5.05916664898113
"miR-6723-5p"	1.19185056127748	5.15973330699132	1.57970206385277	0.142312147431478	0.761449295907618	-5.06352379043479
"miR-1248"	1.68345610392817	4.61503101022022	1.48374120135458	0.165789494215464	0.768747126938623	-5.07713183568735
"miR-6892-3p"	-1.1176287305101	5.1109715737599	-1.60120575895093	0.137467286763399	0.761449295907618	-5.07725109098016
"let-7i-5p"	0.998508142041609	9.00846056485655	1.74922603880823	0.107893760996614	0.75225297916447	-5.07844277742403
"miR-186-5p"	0.974424139583563	7.03549060914696	1.68395739023339	0.120151425010885	0.761449295907618	-5.08493134084429
"miR-3654"	-1.19090140484626	3.66356325035087	-1.41436915871304	0.18476549136661	0.787703754340493	-5.10622390308584
"miR-3609"	1.28501769085265	4.16765941671523	1.40276045013389	0.188113879849911	0.787703754340493	-5.12055662200253
"miR-31-5p"	1.26651846431292	10.8911662532903	1.7286400603933	0.111632819842282	0.75225297916447	-5.12441486493426
"miR-92b-3p"	1.36081805540684	7.73047678919727	1.6072423780833	0.136133499206832	0.761449295907618	-5.12555514338233
"miR-4734"	-0.969104571770283	5.72209501859344	-1.61195213807469	0.135100794509636	0.761449295907618	-5.14321772451944
"miR-6860"	-1.07785147923726	3.91405493483253	-1.54988072831397	0.149277722069133	0.768747126938623	-5.14924101139716
"miR-331-3p"	1.16041202128825	5.74352883625264	1.48084486102327	0.166547115589431	0.768747126938623	-5.14929274672672
"miR-218-5p"	1.32281179501956	3.60982717424027	1.37405601813148	0.196612668166388	0.787703754340493	-5.15661080982357
"miR-6789-5p"	1.13407203968521	3.89492450616549	1.57316172998108	0.143815044083732	0.761449295907618	-5.15761892919044
"miR-6812-5p"	-1.02011330782458	4.1148483233017	-1.59980935669511	0.137777450826897	0.761449295907618	-5.15990813986463
"miR-6511b-3p"	-1.04000255832347	4.9367962152725	-1.497365325336	0.162265229121802	0.768747126938623	-5.16533665363386
"miR-378e"	1.32138731082111	4.28517593572831	1.36972579697015	0.19792219122552	0.787703754340493	-5.18069333497872
"miR-2467-3p"	-0.984996582336165	4.37113695635879	-1.55004029707041	0.149239674516691	0.768747126938623	-5.18458023794093
"miR-421"	1.17139697111745	3.82023500337994	1.33918747122046	0.207364969186868	0.808443044594403	-5.18705944206372
"miR-564"	1.15280817162638	4.22447345096881	1.38374142452195	0.19370981972716	0.787703754340493	-5.18851764847923
"miR-1976"	-1.38317889003933	4.5786162032468	-1.38580321621976	0.193096521286071	0.787703754340493	-5.19925566528531
"miR-6775-3p"	-1.10835510301332	4.6244512168515	-1.41203704163748	0.185434102126454	0.787703754340493	-5.20046368513521
"miR-6792-3p"	-1.08985620423022	4.13153262579292	-1.38092349224945	0.194550673508452	0.787703754340493	-5.20619858851453
"let-7e-5p"	1.04256090998524	6.94741482321465	1.61995359631627	0.133362123109479	0.761449295907618	-5.20844772984826
"miR-194-5p"	1.33134286080994	4.19547528402594	1.32251241803738	0.212676466682751	0.808443044594403	-5.22513887668924
"miR-7845-5p"	0.991101589990479	4.09901869891123	1.50117761349125	0.161290672256856	0.768747126938623	-5.22748479240709
"miR-1913"	-0.994384415488774	5.42564938621535	-1.45045400281237	0.174676835518931	0.768747126938623	-5.2386127268859
"miR-6877-3p"	-1.04868413842453	5.42338666618489	-1.43873723454916	0.177900137111518	0.775696921375959	-5.24704896063334
"miR-1225-3p"	-0.967429684381579	6.70956793371582	-1.57414689707695	0.14358778025157	0.761449295907618	-5.25338790361379
"miR-30a-3p"	1.03327567211364	5.32217353197594	1.45484665619323	0.173481271040141	0.768747126938623	-5.25497748424319
"miR-4322"	-1.23770387450728	4.22259922124818	-1.51483870646745	0.157839668999403	0.768747126938623	-5.25570155851922
"miR-222-3p"	1.02802006235201	9.66427830837297	1.63083784225689	0.131028711473142	0.761449295907618	-5.25777780588473
"miR-664b-5p"	1.28709305492479	4.18551653721212	1.29436076075733	0.22189714684647	0.808443044594403	-5.25844938275413
"miR-5703"	0.971435921770395	3.32084309910558	1.4512140025379	0.174469483624259	0.768747126938623	-5.26530441269732
"miR-99b-3p"	1.13121886067957	3.749384707455	1.26605663908034	0.2314941184995	0.808443044594403	-5.27146905107678
"miR-1910-5p"	-1.09109971581735	3.84141706753211	-1.30026985712107	0.219935063250761	0.808443044594403	-5.27293306364399
"miR-1234-3p"	-1.10806926348844	3.94391892175605	-1.27433281427089	0.228653740030259	0.808443044594403	-5.28598903148048
"miR-345-5p"	1.09268175271301	4.89731642056986	1.2746055954022	0.2285606049665	0.808443044594403	-5.3011228553656
"miR-6516-5p"	1.17950239387602	4.36285691150703	1.26308319805932	0.23252155014131	0.808443044594403	-5.3011431824371
"miR-19a-3p"	0.881503247010533	8.63427649924105	1.57889112322939	0.142497743954324	0.761449295907618	-5.30274443829564
"miR-6741-5p"	1.37585724086776	10.5578998168387	1.58235959814733	0.141705409659577	0.761449295907618	-5.31366817256791
"miR-29b-3p"	1.06871838809862	9.79280568276133	1.5768461036968	0.142966718843416	0.761449295907618	-5.31849922380217
"miR-1260b"	-0.815613840016348	10.210604315475	-1.59956140574009	0.137832589028267	0.761449295907618	-5.3202547019684
"miR-6845-3p"	-0.862604986657826	6.67060253231701	-1.50612888401396	0.160032470916784	0.768747126938623	-5.32489658400351
"miR-4783-5p"	-0.862940946203793	5.65532625759938	-1.49694837124943	0.162372123936819	0.768747126938623	-5.33023083632475
"miR-191-5p"	0.861542389302265	7.96250326486354	1.53884778561054	0.151928931899783	0.768747126938623	-5.33164018685156
"miR-30e-3p"	0.988125232313313	5.29839634610307	1.31814443375756	0.214086165114385	0.808443044594403	-5.37250142560868
"miR-1271-5p"	1.0236221504876	4.96308007164583	1.22308347252374	0.246703663856569	0.808443044594403	-5.37752683080738
"miR-181a-5p"	0.9049624577646	9.03264805908474	1.51868851326606	0.156878724003504	0.768747126938623	-5.39201159257713
"miR-6820-5p"	-1.00350424026327	3.9083991976263	-1.25254380264983	0.236193008873857	0.808443044594403	-5.40162005700953
"miR-3934-5p"	-1.01503097770164	4.27829704941616	-1.18958834392951	0.259103770765785	0.808443044594403	-5.40208430795675
"miR-6879-3p"	2.05794132089496	3.59438093597109	1.18651325111612	0.260266469426901	0.808443044594403	-5.41704993621264
"miR-1292-3p"	-1.43026075065887	3.83191444784996	-1.2737482084261	0.22885344442705	0.808443044594403	-5.41890192139035
"miR-196b-5p"	0.970040026003094	3.75140877979571	1.18379196554091	0.261298821249797	0.808443044594403	-5.43375734342934
"miR-200a-3p"	0.912401221758135	8.4950449380048	1.46716566595363	0.170165474536882	0.768747126938623	-5.4412717220179
"miR-1973"	0.823259209943653	10.952099886653	1.52901762974971	0.154325418072869	0.768747126938623	-5.44402208595814
"miR-18b-5p"	1.04639730405196	4.71736219376204	1.13837038202693	0.279009202560729	0.808443044594403	-5.45849502126401
"miR-376c-3p"	-1.0494851272343	7.66855747892249	-1.46798645986554	0.169946483253054	0.768747126938623	-5.4635008994016
"miR-378a-3p"	0.984027047580216	5.99911290533351	1.14801398678665	0.275173002456261	0.808443044594403	-5.46861145527897
"miR-30b-5p"	0.790001933597246	9.21757907766396	1.47259615040521	0.168721064923107	0.768747126938623	-5.47162567768801
"miR-425-5p"	1.15203490677316	6.21580264599577	1.118606670389	0.287000467244223	0.808443044594403	-5.48970554329134
"miR-6862-3p"	-1.00729450590109	4.36381041591205	-1.11542647611777	0.288302653616081	0.808443044594403	-5.49544596516355
"miR-106b-5p"	0.827806001987778	8.28903640972234	1.40140039609678	0.188509489876082	0.787703754340493	-5.50714872152868
"miR-6722-3p"	-0.841882796260915	4.9575156813029	-1.22590319457757	0.245681741081818	0.808443044594403	-5.51513327055429
"miR-365a-3p"	0.748639277602708	7.56005447509556	1.42172918437931	0.182668711782689	0.787703754340493	-5.51818136409568
"miR-4667-5p"	0.844004839853115	3.58113619671005	1.18369092348042	0.261337214791287	0.808443044594403	-5.51824128446858
"miR-548at-5p"	0.757888562668269	5.16100899981044	1.37878681176968	0.195190277877249	0.787703754340493	-5.526501170164
"miR-205-3p"	0.884696177843653	4.37459713993092	1.04832683172841	0.316843074758978	0.822653629634026	-5.53552611051458
"miR-342-3p"	0.763515465489618	7.01255717675664	1.37909818538167	0.195096960559427	0.787703754340493	-5.53655096058465
"miR-1202"	-0.965553028335661	5.15366792922516	-1.24454528354477	0.239010410717211	0.808443044594403	-5.5407503445313
"miR-7158-5p"	0.836470633213371	3.74648892038853	1.16540191307451	0.268360020219936	0.808443044594403	-5.54336164049568
"miR-6746-3p"	0.7545732356805	5.1685525882454	1.35143691954272	0.203533399636649	0.804635373230221	-5.54855426074468
"miR-616-3p"	-0.853036600777345	4.47085488399088	-1.06364825398402	0.310145913946775	0.819711794829752	-5.54931829114029
"miR-505-3p"	0.969046981088386	3.70927329241363	0.981307377822172	0.347407057961675	0.839944476977529	-5.56553521127536
"miR-6760-5p"	-1.11242415152496	3.77915627213415	-1.20055873566872	0.254989240531228	0.808443044594403	-5.56592273936418
"miR-1225-5p"	0.764956384745634	5.34261014825174	1.31812590945559	0.214092159858574	0.808443044594403	-5.56597808363626
"miR-130b-3p"	0.967793071927529	6.29956569684155	1.0591294790994	0.312109963484255	0.819711794829752	-5.57012465901263
"miR-181d-5p"	0.967760800480215	6.60708338837135	1.18641597008673	0.260303318623503	0.808443044594403	-5.57837326450623
"miR-6804-3p"	-0.860094300373179	5.62107470347057	-1.24612824027552	0.238450694045892	0.808443044594403	-5.57849313843851
"miR-93-3p"	-0.847972444793641	4.17401217525761	-1.02550882935058	0.32701654558977	0.832278161093276	-5.57871457001843
"miR-4685-5p"	-0.864154061312821	3.21466615224017	-1.15586522244124	0.272080203923807	0.808443044594403	-5.57996984541815
"miR-4728-3p"	-0.826436635174976	5.48073264748766	-1.15760490537022	0.271398581933297	0.808443044594403	-5.58213285694277
"miR-1229-3p"	-0.76163522877217	5.4460610557727	-1.29133156473225	0.222908501579139	0.808443044594403	-5.59177562438707
"miR-4421"	-0.805932342397281	3.98291395384244	-0.972072924667369	0.35178130780882	0.839944476977529	-5.59216070759775
"miR-4271"	-0.735195629234571	9.895315569899	-1.44923489019532	0.175009885559383	0.768747126938623	-5.5974915697296
"miR-6884-3p"	-0.938444956472452	3.75320087266441	-0.974499665807405	0.350627953047753	0.839944476977529	-5.60016129536677
"miR-6819-3p"	-0.855571085831252	3.93667036109521	-0.997819966993783	0.339683875823335	0.839944476977529	-5.60163010282255
"miR-4797-5p"	-0.810394864200772	4.31536858628814	-1.21891461027392	0.248220755714188	0.808443044594403	-5.60362672648895
"miR-664a-5p"	1.01695874655685	3.34658589067699	0.92959741300448	0.372412234309693	0.85561741419086	-5.60459896914703
"miR-4436b-3p"	0.8491754944531	3.5316492441272	1.14760795001015	0.27533369162176	0.808443044594403	-5.62437755298919
"miR-4327"	-0.765521164644781	3.3834170966388	-1.17013269463766	0.266529412526135	0.808443044594403	-5.63570317043274
"miR-129-2-3p"	-0.729748266408043	5.32022327564029	-1.29168951935154	0.222788796082618	0.808443044594403	-5.64017025714583
"miR-320e"	0.802263726825955	6.38592380289591	1.06180314673468	0.310946749078229	0.819711794829752	-5.64213469720814
"miR-4640-3p"	-0.831324191131498	3.80122924952698	-1.10618132055011	0.292114022097809	0.809407118533483	-5.64715782031042
"miR-196a-5p"	0.857380032925548	3.40880959403601	0.880960005805918	0.39706816985285	0.868861345840368	-5.64890500527875
"miR-3197"	-0.665701024328232	11.5788373031107	-1.37305883681018	0.196913588277022	0.787703754340493	-5.65179300116033
"miR-6849-5p"	-1.00805188224641	3.35605845813327	-1.19925329634199	0.255476126892575	0.808443044594403	-5.65245206714184
"miR-185-5p"	0.811491453715251	5.13910772657685	0.943802897527281	0.36541895726067	0.851773710014043	-5.65304628929429
"miR-181b-5p"	0.733239701709963	7.88728172866473	1.22220699784115	0.2470220060988	0.808443044594403	-5.65311810715019
"miR-200b-3p"	0.826663837454953	8.47606923956273	1.29746471994026	0.220864719107499	0.808443044594403	-5.65393685636466
"miR-374b-5p"	0.913504340978471	6.27381666592626	0.987980378123059	0.344270775160885	0.839944476977529	-5.65614920568882
"miR-24-2-5p"	0.771994985551487	4.51587517674911	0.898725321857731	0.387934600865169	0.858377680272557	-5.65854239039877
"miR-4265"	-0.834700864087305	3.62337710234727	-0.905185324764946	0.384649797164257	0.85561741419086	-5.66220007345999
"miR-361-5p"	0.834068600918394	6.37908304099664	1.05860108536116	0.312340234542243	0.819711794829752	-5.66598906239534
"miR-3615"	-0.86909801827203	4.22827307998648	-1.03039768847461	0.324816688127146	0.832278161093276	-5.66746274114874
"miR-301a-3p"	0.966031186167525	6.33420812979313	0.911857011266855	0.381277763929243	0.85561741419086	-5.66803449607669
"miR-15a-5p"	0.836832503068665	8.424259947418	1.28380986903455	0.225436019511156	0.808443044594403	-5.67017842042817
"miR-6890-3p"	-0.819283443175733	4.00666836057817	-1.01939992702327	0.329780865214462	0.835726722530665	-5.6712500585872
"miR-29a-3p"	0.764328433501585	10.1577961281423	1.30544316368066	0.218228960677058	0.808443044594403	-5.67326920997874
"miR-6511a-3p"	-0.81349568458024	3.70892221338348	-0.893279612015819	0.390718752431194	0.860930406417945	-5.67576873792532
"miR-766-3p"	-0.856373377851101	5.59080439949208	-0.970161459601845	0.352691694380109	0.839944476977529	-5.68269693588149
"miR-663b"	0.731551340416789	6.47845156263012	1.12214857917095	0.285555502410851	0.808443044594403	-5.68299128985845
"miR-422a"	0.747042603731765	4.67894025656871	0.904013384530304	0.385244265748667	0.85561741419086	-5.68345423110874
"miR-6810-3p"	-0.778490397589237	3.86624937345983	-0.910236743755277	0.382094779924922	0.85561741419086	-5.68364090939873
"miR-6805-3p"	-0.757449012747645	4.97402737124848	-1.12534535230279	0.284256157915471	0.808443044594403	-5.68477468377113
"miR-107"	0.732107996124446	7.85612208140083	1.22295272487614	0.246751131597281	0.808443044594403	-5.68747131657716
"miR-7110-5p"	-0.721073091983071	5.99278366503053	-1.26013823344422	0.233542773258828	0.808443044594403	-5.68750864828373
"miR-324-5p"	0.752979274911622	4.92123105037028	0.890798291268233	0.391991921977817	0.860930406417945	-5.68802301450242
"miR-1199-5p"	0.75300387195686	4.82589576772534	1.14309103244261	0.277126187299798	0.808443044594403	-5.68905670661525
"miR-1273g-5p"	-0.798627615114368	4.19453684218883	-0.876037379598704	0.399624994528316	0.869083489019038	-5.69122119323132
"miR-3127-3p"	-0.737006245788975	3.67796015057682	-0.836083516652508	0.420793381529698	0.88800880870858	-5.70127794699756
"miR-1273c"	-0.721150988499285	5.8834455219153	-1.18780002754387	0.259779436895894	0.808443044594403	-5.70248706011202
"miR-7977"	-0.761373290180262	8.36232873508341	-1.27312772999187	0.229065557838933	0.808443044594403	-5.70703365375041
"miR-584-5p"	0.673176589322254	2.86625071188016	0.769250211929433	0.457848495778814	0.888111747897225	-5.73262938125317
"miR-598-3p"	0.66836058290063	2.78308515297371	0.779913366513254	0.451799418307008	0.888111747897225	-5.73435946939177
"miR-6763-3p"	-0.676824263985764	6.75292175827309	-1.20328002829973	0.253976651370546	0.808443044594403	-5.7376699734046
"miR-16-5p"	0.653186730329573	11.7127641749383	1.25219878412363	0.236313983800649	0.808443044594403	-5.74633238903751
"miR-6071"	0.724876390320309	3.8270761348901	0.925733250776444	0.374330804701431	0.85561741419086	-5.74682385840078
"miR-183-5p"	0.678255737486931	5.47863522214864	0.861902396687504	0.407029347670494	0.871125044028533	-5.74703183024279
"miR-1343-5p"	0.71965603371423	5.85620362988988	1.20492267817706	0.253366968869899	0.808443044594403	-5.75832458888103
"miR-151a-3p"	0.687837967149584	6.8442139125792	0.934411588451856	0.370031712476651	0.853808581706824	-5.7607535858234
"miR-3607-3p"	-0.818747808819976	3.05460403317603	-0.719107351880541	0.48698172780119	0.888111747897225	-5.77203784747332
"miR-6880-3p"	-0.674394442017621	6.4193319305318	-1.16263218298716	0.26943634588084	0.808443044594403	-5.77515257021677
"miR-6858-3p"	-0.657492687411228	7.279294457576	-1.21260259408447	0.250531908006702	0.808443044594403	-5.777182709559
"miR-1229-5p"	0.687258717935738	3.95965718150207	0.9985258585294	0.33935653619531	0.839944476977529	-5.77854600175143
"let-7c-5p"	0.692025394406798	9.86405364621143	1.21380944078246	0.250088700116263	0.808443044594403	-5.78045633639146
"miR-328-3p"	-0.655009070765828	3.73220931493213	-0.760132750286398	0.463061630168282	0.888111747897225	-5.78075543525981
"miR-26a-5p"	0.659592599874418	10.6003273900044	1.20990253110408	0.251525754355276	0.808443044594403	-5.78146440403576
"miR-7108-3p"	-0.654119903893532	5.65342794657539	-1.09313935674831	0.297556073929679	0.809407118533483	-5.78340841861349
"miR-4479"	-0.633226562068613	3.95998903307835	-0.799646985708229	0.440741470636965	0.888111747897225	-5.78441095458041
"miR-4252"	-0.688024858989987	3.69221394568817	-0.712122514809646	0.491129072198498	0.888111747897225	-5.79440605129666
"miR-566"	-0.752033020601161	5.47166611967303	-0.875123645190256	0.400100830526471	0.869083489019038	-5.79615210676591
"miR-664b-3p"	0.779118685618031	4.10130546395906	0.725088727032043	0.483447402392593	0.888111747897225	-5.79677253340067
"miR-93-5p"	0.702091006022493	8.72931656150167	1.16354220012544	0.26908233855805	0.808443044594403	-5.80735531695142
"miR-484"	0.677465902241216	5.3094866437502	0.798466571614983	0.441397921953041	0.888111747897225	-5.81201807545853
"miR-6727-3p"	-0.676165003512974	4.3713552489049	-0.807241294993299	0.436533402183841	0.888111747897225	-5.81468587598528
"miR-664a-3p"	0.564349105827559	3.75546110816399	0.67269518568718	0.514941514419325	0.890263317931953	-5.82116217004227
"miR-6511a-5p"	-0.684332694660544	4.66768203493087	-1.04641611593872	0.317685803012128	0.822653629634026	-5.82235570172597
"miR-1249"	0.553917293625849	3.97088904355547	0.649803564906251	0.529076009568681	0.893852061749937	-5.82822852128721
"miR-6797-5p"	0.79530935464788	4.54304563349788	0.995140652487575	0.340928441364482	0.839944476977529	-5.82951941868727
"miR-139-5p"	-0.615483436967906	3.97991576477444	-0.659203756143671	0.523244692331416	0.893852061749937	-5.8343590329019
"miR-4442"	0.626534970578161	4.80715508100197	1.03626383056401	0.322191593182455	0.8306939772052	-5.8379705186632
"miR-548az-5p"	-0.685233437099904	4.62741807063779	-0.766711908210781	0.459296051831688	0.888111747897225	-5.84126704762565
"miR-4306"	0.671514690642521	4.70731000798302	0.776185978996849	0.453908044036331	0.888111747897225	-5.84274046956114
"miR-452-5p"	0.530926234904722	3.17167400287846	0.622496960425028	0.546227285707226	0.901615724765179	-5.8429621613081
"miR-149-5p"	0.60915915648337	5.28560712227608	0.687367934861567	0.506000508778616	0.888111747897225	-5.84343431060151
"miR-455-5p"	0.599852549972106	4.38488043128601	0.661122638637914	0.522058968167834	0.893852061749937	-5.84515874116103
"miR-30a-5p"	0.772196878486388	8.4658945604299	1.0938563227202	0.297254909659811	0.809407118533483	-5.84541129186548
"miR-130a-3p"	0.701178230642338	9.3123590360662	1.1425728097034	0.277332417340497	0.808443044594403	-5.8467506642814
"miR-4674"	0.827166304048943	7.13077418916353	1.11036357574232	0.290385107080283	0.808443044594403	-5.84704915009945
"miR-455-3p"	0.62069562435191	5.39830326381386	0.797220689869937	0.442091473366488	0.888111747897225	-5.85351631130774
"miR-5095"	-0.718970408221496	10.2134880587527	-1.13759355061198	0.279320020390327	0.808443044594403	-5.86475429216368
"miR-7108-5p"	0.597444371141117	6.62861695117514	1.11776499118985	0.287344666536957	0.808443044594403	-5.86779868402956
"miR-4736"	0.558710595310552	2.78514889177837	0.633097800502711	0.539531713434114	0.901245932581491	-5.86887081713784
"miR-6512-3p"	0.586972629473728	5.36806835705079	1.07208484206323	0.306503942044069	0.819711794829752	-5.87610901313651
"miR-1224-5p"	-0.550475653235277	3.64208222818731	-0.55858515888804	0.587568493849661	0.915636355972313	-5.88267476368456
"miR-532-5p"	-0.552757087867485	4.52909548253173	-0.595264218698218	0.563640788268336	0.903494262326206	-5.8832451567023
"miR-17-3p"	0.683908448212262	5.89138972254698	0.65307853575768	0.527040139921124	0.893852061749937	-5.8841949445461
"miR-212-3p"	-0.532607374733848	4.45054786611302	-0.622914508210641	0.545962672934648	0.901615724765179	-5.88739726640159
"miR-6753-5p"	0.713062694050311	3.9208114449672	0.722749337002182	0.484827827978531	0.888111747897225	-5.89152092263635
"miR-221-3p"	0.676130546409565	10.0337252454109	1.11973258751414	0.286540526800124	0.808443044594403	-5.8962318052893
"miR-1244"	-0.520528513382016	4.43837448395098	-0.600882622853929	0.560023317260866	0.903114451242177	-5.89895754813566
"miR-4763-3p"	-1.26915380977877	7.31798986657811	-1.09355760104127	0.297380360595868	0.809407118533483	-5.90166046422293
"miR-1203"	-0.687125289299219	4.52506816654105	-0.994745932673277	0.341112073257754	0.839944476977529	-5.90623361877425
"miR-23b-3p"	0.579139331836904	11.9491162806275	1.11106540432542	0.290095746439906	0.808443044594403	-5.91196600977133
"miR-1288-5p"	0.596445858833127	3.85856193654275	0.720255236490855	0.486302223893595	0.888111747897225	-5.92558604089811
"miR-6824-5p"	0.570966062892803	3.67668919855618	0.804122134668429	0.438258552847693	0.888111747897225	-5.93017616341058
"miR-20b-5p"	0.591036778954852	8.69493539643001	1.07173516853384	0.306654247789617	0.819711794829752	-5.93324864074219
"miR-10a-5p"	-0.558190529323643	4.65090719546983	-0.55433979322224	0.590372307102396	0.915636355972313	-5.93568347690874
"miR-3154"	-0.720949505855677	3.04297680137287	-0.815900261388826	0.431767710649474	0.888111747897225	-5.93648799570533
"miR-7109-5p"	0.542944215721141	3.31576588245144	0.806837673812208	0.436756386150792	0.888111747897225	-5.93689686912847
"miR-4732-3p"	-0.471068678905177	4.20566457816837	-0.568688143016928	0.580924449930888	0.912102567908878	-5.93794844581811
"miR-129-1-3p"	-0.609802412779657	3.88799583491122	-0.721177665936808	0.485756604672757	0.888111747897225	-5.94195232877004
"miR-6850-5p"	-0.569712415405196	5.86493431902436	-1.00906380189822	0.334497241382193	0.839944476977529	-5.94728112869529
"miR-424-5p"	0.579922818895181	7.43011599687492	1.05529221744265	0.313785122135504	0.819711794829752	-5.94782907174888
"miR-7-5p"	0.558233991896522	9.23334707406048	1.06584478728168	0.309194573854653	0.819711794829752	-5.9479156164965
"miR-1269b"	-0.472564614298209	4.50889377130093	-0.564527084819088	0.583656035781493	0.913213797410093	-5.94858312756381
"miR-532-3p"	0.493786473875712	4.69094217862504	0.490627498222328	0.633272907334687	0.918435059110328	-5.95048657205423
"let-7b-5p"	0.596094221874709	10.2642203373108	1.05669735604101	0.313170927076381	0.819711794829752	-5.95049029214601
"miR-503-5p"	-0.495615548194789	3.83586978017264	-0.571631224458695	0.578996549853566	0.912102567908878	-5.95257794970677
"miR-1227-3p"	-0.482428831478853	3.78149073657722	-0.475084511611476	0.64396455846056	0.918435059110328	-5.95453722868872
"miR-378i"	0.427731385684545	4.89390766991702	0.482659395537146	0.638743272999124	0.918435059110328	-5.95610381253014
"miR-6516-3p"	0.4071159968664	3.64809074543031	0.453366490950899	0.659045271361455	0.918435059110328	-5.95655234528854
"miR-877-5p"	-0.605114890319895	4.08005784588561	-0.626578328306684	0.543643909918938	0.901615724765179	-5.95736407996251
"miR-378f"	0.434658013233607	4.79150219439627	0.45719127826983	0.656377634905974	0.918435059110328	-5.96136649231863
"miR-708-5p"	0.655002973893615	7.54866927186192	0.94204950037446	0.366277059112278	0.851773710014043	-5.96199483539182
"miR-34c-5p"	-0.34250937656386	4.05423434320894	-0.405807428624562	0.692619660751963	0.924923290291564	-5.97237955112427
"miR-6877-5p"	0.569879561513277	5.45144803909069	0.982074765714024	0.347045337391109	0.839944476977529	-5.97935247629476
"miR-582-5p"	-0.306813996812131	2.8804583180777	-0.324754010866614	0.75142332110996	0.924923290291564	-5.9837623953276
"miR-130b-5p"	0.353290018927673	4.10202268106046	0.37323965487242	0.716020615019861	0.924923290291564	-5.98567566407391
"miR-148b-3p"	0.543755955748581	7.32101016562269	0.98299815354713	0.346610446040396	0.839944476977529	-5.98614007146912
"miR-5684"	-0.324437855409136	3.96807685033266	-0.387200923992147	0.70594997358835	0.924923290291564	-5.98715736522801
"miR-320b"	0.594501515288081	7.47229101308108	0.856554790224945	0.409854784627252	0.871125044028533	-5.98852417674535
"miR-4488"	0.531396872664393	12.9918005388975	1.13426810336521	0.280653597429015	0.808443044594403	-5.99103929994069
"miR-6851-5p"	-0.553653206551315	3.37270109839433	-0.665480149644855	0.519372215378423	0.893852061749937	-5.99255012857989
"miR-10b-5p"	0.433735234750437	4.51429937242526	0.533315346085643	0.604360362091965	0.91630319614827	-5.99389115910568
"miR-1307-3p"	0.314484201258568	4.04530644597989	0.36073984802744	0.725085194072032	0.924923290291564	-5.99429235923512
"miR-15b-3p"	0.38045552973336	4.02578227868014	0.340026009111234	0.740202995640017	0.924923290291564	-5.99602820207507
"miR-224-5p"	0.538088414789731	7.20788768321457	0.976679679514312	0.34959419283016	0.839944476977529	-6.00026585650883
"miR-370-3p"	-0.537404854961396	3.59860244826871	-0.742831729831221	0.473057098597789	0.888111747897225	-6.00297549794533
"miR-376b-3p"	0.397735874497217	3.64104207002603	0.504969961002866	0.623483895166697	0.918435059110328	-6.00450191198529
"miR-4284"	0.566525878823267	11.6822272570225	1.09356845252273	0.297375802709776	0.809407118533483	-6.00653840999294
"miR-877-3p"	-0.332730766435731	4.08785295326121	-0.398448162418808	0.697879425945316	0.924923290291564	-6.00811618748447
"miR-500a-5p"	-0.212110932804055	3.43655572783543	-0.208754861665054	0.838432181067119	0.959264352082789	-6.01019134674781
"miR-6887-5p"	0.56452442805026	3.76195225041727	0.807045338192852	0.436641650849407	0.888111747897225	-6.01032137649737
"miR-33a-5p"	0.5109646878813	6.58261219769849	0.91591061357327	0.379239103288366	0.85561741419086	-6.01307714403806
"miR-6087"	0.515277559503996	14.2000951812152	1.14755422427728	0.275354959061831	0.808443044594403	-6.01469110631019
"miR-378b"	-0.197103405573661	3.35832549270588	-0.182428015400652	0.858545622532042	0.96249879195957	-6.01573084072738
"miR-34a-5p"	0.512108092250448	5.97464103726322	0.502025870690632	0.62548720297894	0.918435059110328	-6.02051103530849
"miR-148a-3p"	0.515194450574885	9.52391944380786	0.977651905499464	0.349133875971216	0.839944476977529	-6.02130924698222
"miR-23a-3p"	0.512056190513877	12.7101881368442	1.02698656532714	0.32635044300467	0.832278161093276	-6.0247146774883
"miR-378d"	0.290507084612368	4.66131375806928	0.294906450744846	0.773524004749415	0.932043308103124	-6.02686539298332
"miR-6882-3p"	0.355055911915629	3.67449911150116	0.296410142594062	0.772405375950295	0.932043308103124	-6.02930204672606
"miR-4430"	0.289481992269047	3.42007908239718	0.346355994810716	0.735570601281839	0.924923290291564	-6.02982832360118
"miR-6732-3p"	-0.537354626274908	4.90205847859132	-0.791861288960122	0.445083019358508	0.888111747897225	-6.03011534111967
"miR-126-3p"	0.552471081274116	6.23573531671877	0.920844439398132	0.376768087227818	0.85561741419086	-6.03024472775633
"miR-1281"	-0.318360098869769	3.69546067541749	-0.366786710293016	0.720694552964329	0.924923290291564	-6.03129549578507
"miR-4253"	0.24554613335368	3.42393592635918	0.266219998512749	0.794964440354493	0.945897088629047	-6.03139739795505
"miR-590-5p"	0.415447595297567	5.68142455269038	0.517175570837278	0.61521255373518	0.916635789861713	-6.0320728159783
"miR-3652"	0.421929927403271	4.55767323196544	0.601875367828634	0.559385463826986	0.903114451242177	-6.03379932231251
"miR-7150"	0.520312608946415	8.22904086251814	0.953144054025242	0.360871581713237	0.846185558189908	-6.0343341940363
"miR-18a-3p"	-0.101678151338629	3.24248332361646	-0.110793523673882	0.91376382648819	0.970365391732478	-6.03513616207159
"miR-181a-2-3p"	-0.146245308650451	3.36882653775896	-0.142453340662928	0.889282311610247	0.968467816363036	-6.03575500360645
"miR-221-5p"	-0.356135414991221	4.85637752882011	-0.47525565505164	0.64384636815311	0.918435059110328	-6.03773404270031
"miR-941"	0.0973192511660623	3.75477552586041	0.115863509757953	0.90983638391958	0.970365391732478	-6.03887167694876
"miR-6893-5p"	0.460442022413311	3.31890453385341	0.684919476671008	0.507486007236537	0.888111747897225	-6.04117670709057
"miR-125a-5p"	0.509844841992936	8.34131974839246	0.962657217756896	0.356282213664442	0.845101410812057	-6.04419904667391
"miR-4792"	-0.497776397497943	14.464015809118	-1.1511551306112	0.273932358516805	0.808443044594403	-6.04496249023729
"miR-106b-3p"	0.182325767330267	4.85673102964873	0.217822106667543	0.831531887715284	0.959264352082789	-6.04620524459273
"miR-296-5p"	-0.0726486666578032	3.93965912360321	-0.0717831258587197	0.944055343547519	0.977206642577626	-6.04679945826175
"miR-6127"	-0.524616581243593	4.68013133200352	-0.826964045347645	0.425728680146214	0.888111747897225	-6.05100118207464
"miR-6763-5p"	-0.538961252537594	6.72013746043914	-0.953233349875615	0.360828307552844	0.846185558189908	-6.05137372175251
"miR-301b"	-0.012459664135502	3.88243074012186	-0.0138920852409726	0.989163353183441	0.997574606186702	-6.05193805279087
"miR-320c"	0.502188366629658	7.48743705787511	0.80419401185181	0.438218748633628	0.888111747897225	-6.05204350402486
"miR-4726-5p"	-0.491707757158069	4.44815578870718	-0.758051143492299	0.464257113824866	0.888111747897225	-6.0533483949222
"miR-193a-5p"	-0.161699582449052	3.83579364046982	-0.157535253293073	0.877660514110786	0.968157632465678	-6.053458880469
"miR-4722-3p"	-0.180103429250946	4.03711721973497	-0.215002499989244	0.833676089305367	0.959264352082789	-6.05465363383597
"miR-6775-5p"	-0.493333921976526	6.45707350437404	-0.919517611210177	0.377431489654534	0.85561741419086	-6.05956798590339
"miR-3173-5p"	0.487599182113261	4.8880098732063	0.856977954008024	0.409630720296075	0.871125044028533	-6.0631375970205
"miR-873-5p"	-0.0306064488973377	4.22238474572965	-0.033043926139505	0.974227996178226	0.990723421537459	-6.0636716823202
"miR-8071"	0.337121886938753	3.99475278763315	0.367864627377576	0.719912971042916	0.924923290291564	-6.06440632380107
"miR-33b-5p"	-0.160672211706916	5.10106232850809	-0.140806734698086	0.890552848528512	0.968467816363036	-6.06554655589157
"miR-103a-2-5p"	0.0230983102077032	4.28049019779414	0.022095751497163	0.982764933725663	0.996204454186869	-6.06604897120663
"miR-874-3p"	0.100841884099833	4.23734350042256	0.118167287360195	0.908052596124956	0.970365391732478	-6.06727674185333
"miR-1307-5p"	0.165789802984174	4.01458317017901	0.185471002811211	0.856215153784891	0.96249879195957	-6.06790019121322
"miR-6777-3p"	-0.44546213172237	4.67547397942994	-0.615023209393002	0.550975862275278	0.902565431848729	-6.06841746510366
"miR-19b-3p"	0.55799248573527	10.6762009276779	0.937936299239012	0.368295654340178	0.853122355561428	-6.06931216069667
"miR-9-3p"	-0.0128841320369008	3.94518642723472	-0.0156521165667062	0.987790540188715	0.997574606186702	-6.06940496298026
"miR-6875-5p"	0.484342469311513	6.08053261400152	0.758787826837595	0.463833806789046	0.888111747897225	-6.06942975151749
"miR-6500-3p"	0.0345377524013863	4.32663299705231	0.0345007671205987	0.973092240854007	0.990723421537459	-6.0697956576649
"miR-522-5p"	-0.479263964730317	3.95629227549469	-0.533934519178807	0.6039459938668	0.91630319614827	-6.07085746859184
"miR-6785-3p"	-0.260315985369105	3.83138192979874	-0.280100350546635	0.784566861125627	0.939895249792923	-6.07170045440626
"miR-6819-5p"	0.426905388136917	3.85498318591533	0.653384274709357	0.526850311678956	0.893852061749937	-6.07455834597524
"miR-378g"	0.152997150203473	5.38559033329259	0.154502874251	0.879994880099495	0.968157632465678	-6.07474818743268
"miR-192-5p"	0.180047383229582	4.92433326592576	0.198371632871606	0.846351361558861	0.959264352082789	-6.07651086880899
"miR-7851-3p"	-0.23182241566552	4.39952261611548	-0.257808162688387	0.801286054194474	0.945897088629047	-6.07662875915905
"miR-339-5p"	-0.458736273719294	6.07894514577665	-0.740394201165505	0.474476171103	0.888111747897225	-6.07770398255625
"miR-4525"	0.28578529132009	4.66632484459738	0.340711371245352	0.739700912582278	0.924923290291564	-6.07959382178727
"miR-1273a"	-0.492882709494028	5.99017090767168	-0.802549081642465	0.439130273075196	0.888111747897225	-6.08005052060027
"miR-582-3p"	-0.207674273511608	3.80667933734846	-0.253512102347933	0.804520371260738	0.945897088629047	-6.08433510254787
"miR-4512"	-0.176322915273746	4.65469856327839	-0.198877073839145	0.845965449049887	0.959264352082789	-6.08453146274092
"miR-548e-5p"	-0.257848097258937	4.9161170712554	-0.323440310846953	0.752391345414647	0.924923290291564	-6.08767799781514
"miR-7-1-3p"	0.00306033699052166	4.39232509371005	0.00369735991706889	0.99711574694933	0.999671625558546	-6.08996592842646
"miR-128-3p"	0.323708689654264	6.48209522116067	0.434524257588097	0.672258728326177	0.918547064279776	-6.09051559992394
"miR-1304-3p"	-0.339704743973531	4.87556357872585	-0.475156030091807	0.643915167113991	0.918435059110328	-6.09383425193442
"miR-4463"	0.533518155075957	7.47873311127579	0.907047848327989	0.383706345607866	0.85561741419086	-6.09515294600913
"miR-940"	-0.226443122306945	3.99093615263129	-0.211989242529175	0.835969115034934	0.959264352082789	-6.0965486019067
"miR-548ay-5p"	0.117966962774293	5.18249276173716	0.145794730609284	0.886705063812952	0.968467816363036	-6.09756355131934
"miR-140-5p"	-0.000398629511754178	4.26683307998535	-0.000420946255123906	0.999671625558546	0.999671625558546	-6.10209102298216
"miR-4285"	-0.452107930098315	4.89038208960874	-0.651318586505224	0.528133636866625	0.893852061749937	-6.10315648920496
"miR-1914-5p"	-0.319604434996164	5.37220848000096	-0.45094947790919	0.660733599116972	0.918435059110328	-6.10602412940085
"miR-4484"	0.436575321212233	4.93616750663827	0.69836072664233	0.499363342834135	0.888111747897225	-6.10935496005071
"miR-2861"	0.46875556273997	10.4891169098687	0.952837552420107	0.361020145399741	0.846185558189908	-6.10988027836337
"miR-527"	-0.436766424155695	4.14814352897108	-0.600220809178786	0.560448765694977	0.903114451242177	-6.1159833099615
"miR-1322"	-0.0521939629936994	4.73221646250311	-0.0653467151428434	0.949063441342536	0.978773253419346	-6.11665616373126
"miR-376a-3p"	-0.206372558090901	3.88212393204047	-0.273608809984712	0.789424266673211	0.94190863206683	-6.120410101869
"miR-1909-3p"	0.180545974838874	4.45147914978187	0.152093960698573	0.881850143432162	0.968402101954208	-6.12071638702902
"miR-6796-3p"	0.136571259015481	3.89880350356223	0.158282265769453	0.877085639226598	0.968157632465678	-6.12138460157899
"miR-1306-5p"	0.0845067153407033	4.69410592897055	0.109548142499928	0.91472892745102	0.970365391732478	-6.12296267910251
"miR-1470"	-0.632341958749445	7.88572469071225	-0.871174204606902	0.402162004275338	0.870372512902464	-6.124972377011
"miR-195-5p"	-0.352875014870334	4.53075178556848	-0.517769791296011	0.614811277142926	0.916635789861713	-6.12603245022705
"let-7d-3p"	-0.163265240430221	4.96458720184257	-0.209389391488415	0.837948826632151	0.959264352082789	-6.13181641139225
"miR-3151-3p"	0.388562598166779	4.57723860085221	0.600911334479311	0.560004863968501	0.903114451242177	-6.13227333429648
"miR-324-3p"	0.237193698768472	5.93897122158351	0.313483340885327	0.759742660104718	0.925107592283569	-6.13235930262699
"miR-4478"	0.414515677757646	5.30792761793696	0.650953856335329	0.52836041692149	0.893852061749937	-6.13418549941275
"miR-99b-5p"	0.445235292949069	6.97388612484791	0.687881701227207	0.505689134185681	0.888111747897225	-6.13595970435417
"miR-320d"	0.436830281844973	7.26634000207037	0.710325049579318	0.492199834030778	0.888111747897225	-6.13952422333564
"miR-4486"	0.200515976598481	4.7559306975344	0.249545612174422	0.807509963061921	0.946350608884821	-6.14075730313332
"miR-17-5p"	0.479993267954534	9.56858094922202	0.867797973314427	0.403929773157928	0.871019474482369	-6.1436602366633
"miR-3175"	-0.325045507932805	2.97088861816918	-0.478717567982376	0.641457807468928	0.918435059110328	-6.14774489815024
"miR-197-3p"	0.260794363752053	5.94575307966848	0.32653408693337	0.750112350760177	0.924923290291564	-6.14862450863186
"miR-211-3p"	0.414087731646595	4.82902347379509	0.708729748631451	0.493151360274676	0.888111747897225	-6.15362621668759
"miR-4433b-5p"	0.391201360064379	4.58224184654312	0.616772273040135	0.549862491406628	0.902565431848729	-6.15388858227888
"miR-7975"	0.450065281279747	5.30433408789555	0.728529502084784	0.481421497967257	0.888111747897225	-6.15398717585338
"miR-3173-3p"	-0.414017395291092	4.70639622069768	-0.683514495587148	0.508339598029709	0.888111747897225	-6.15435670770889
"miR-6085"	-0.398560651925541	5.26984053150696	-0.694902544111638	0.501445607064545	0.888111747897225	-6.1614294498652
"miR-6895-5p"	0.000948764834326821	4.50669703579147	0.00114218900742728	0.999108994091429	0.999671625558546	-6.1622843412789
"miR-6738-5p"	0.395534561809725	4.32842831070543	0.645229938979276	0.531926802589037	0.896115323679826	-6.16629642968521
"miR-3648"	0.448224600887561	6.91700904653519	0.796036642120581	0.442751261983833	0.888111747897225	-6.16703069574349
"miR-92b-5p"	0.314881821800583	3.87008460109665	0.47398835794082	0.644721796929165	0.918435059110328	-6.17045169645323
"miR-152-3p"	0.416900148102665	7.45553792755977	0.739864188078348	0.474785084992631	0.888111747897225	-6.17785230435689
"miR-4316"	-0.296981854628277	3.57341960880495	-0.455652486700948	0.657450282702276	0.918435059110328	-6.18009978801989
"miR-4758-5p"	-0.388605782019036	5.55796281135372	-0.624795443071545	0.544771566284883	0.901615724765179	-6.18522855807113
"miR-6821-5p"	-0.398028843177368	6.22151888911335	-0.724737808260501	0.483654317110234	0.888111747897225	-6.18569206973447
"miR-1303"	-0.301064637792229	5.07091478555368	-0.428938926322953	0.676198099713572	0.919645653570092	-6.18592082533605
"miR-126-5p"	0.234878370858223	4.57967643419172	0.284069447331591	0.781601610394514	0.938238370372362	-6.18619853256774
"miR-6891-5p"	-0.620367966941056	6.64518200941237	-0.863259436274633	0.406314459852476	0.871125044028533	-6.18652362472143
"miR-4507"	-0.334702433474388	7.12548951005264	-0.539077712534249	0.600509660467727	0.91630319614827	-6.18787215559621
"miR-3187-5p"	0.0956292912173873	3.68569804758819	0.0840976696935023	0.934480753923371	0.975611068796759	-6.18866888056076
"miR-3665"	-0.407682906693994	9.28787242365307	-0.779920503244128	0.451795387041908	0.888111747897225	-6.190710362839
"miR-18a-5p"	0.449565624849522	6.21172161707358	0.443856107964076	0.66569980070561	0.918435059110328	-6.1918293906754
"miR-6724-5p"	-0.382615496753556	6.21174929869165	-0.684593874164593	0.5076837493516	0.888111747897225	-6.19825009058678
"miR-26b-5p"	0.45688768266007	8.95508768180954	0.777283090980399	0.453286738758024	0.888111747897225	-6.19947672031955
"miR-6131"	-0.430744238468264	7.64722579583826	-0.786075325083965	0.448327404931141	0.888111747897225	-6.20064293994016
"miR-331-5p"	0.184663145195073	3.10196871820254	0.254647006492232	0.803665577471977	0.945897088629047	-6.20065657888711
"miR-4485"	0.44186252941047	11.3735677867789	0.844129190322096	0.416471119677873	0.882026335603496	-6.20245702118514
"miR-6848-5p"	0.259216464700372	3.59436705725521	0.36757076668078	0.7201260120799	0.924923290291564	-6.20387062149482
"miR-548at-3p"	-0.362667865335499	4.33575519855306	-0.496097281586664	0.629530887332171	0.918435059110328	-6.20422030116492
"miR-4638-3p"	0.397792049546755	5.57769541978268	0.721520173361167	0.485554106905037	0.888111747897225	-6.20492021401452
"miR-1268b"	-0.433214346229264	8.53293419575976	-0.760425933090644	0.462893410224283	0.888111747897225	-6.20748828544157
"miR-4454"	-0.4208190849915	8.40635449107686	-0.756336483475887	0.465243326946737	0.888111747897225	-6.20992911472053
"miR-1273e"	-0.396841639915608	8.73214304745723	-0.755098516822404	0.465956187430152	0.888111747897225	-6.2162635677454
"miR-6784-5p"	0.291156451398026	4.00456071532624	0.424574252952312	0.679283592890665	0.919645653570092	-6.21638459123772
"miR-1290"	0.56101334224495	9.78545156468201	0.751849726490784	0.467830230735724	0.888111747897225	-6.22094163598611
"miR-6798-3p"	-0.1586532884827	5.03182718670953	-0.218146944018883	0.831284952988337	0.959264352082789	-6.22399136125441
"miR-138-5p"	0.381184158060766	6.42491689513978	0.677949184620329	0.511729204434142	0.888940066246074	-6.2246736306274
"miR-24-3p"	0.476194227421352	11.0062191097704	0.762592069112958	0.461651747469547	0.888111747897225	-6.22473427588337
"miR-6075"	-0.279421224815649	2.3204300451128	-0.252174900661714	0.80552787480214	0.945897088629047	-6.22799830572121
"miR-6836-3p"	-0.36321648754987	5.71826910625646	-0.527748242596151	0.608092547276992	0.916518161785762	-6.22986803751929
"miR-8089"	0.34073024400174	4.78466656333669	0.54446448668695	0.596921420974724	0.91630319614827	-6.23236681018492
"miR-711"	-0.243497021303479	4.11448478701634	-0.341758560561389	0.738934006286068	0.924923290291564	-6.2352514197625
"miR-8078"	0.2858010493548	6.89128038220179	0.372489393805077	0.716563418637307	0.924923290291564	-6.23527967671987
"miR-5000-3p"	0.262860064637612	4.01463677932095	0.369368329524211	0.718823216345612	0.924923290291564	-6.23668706352242
"miR-145-5p"	-0.387289476831135	3.6266286796648	-0.544293971912684	0.597034833680402	0.91630319614827	-6.23752255956404
"miR-6846-5p"	-0.0105737302660125	4.31636866411155	-0.0145740179537362	0.988631445502244	0.997574606186702	-6.23967968145762
"miR-375"	0.433577809481975	6.09088908479335	0.676396839260708	0.512677070246471	0.888940066246074	-6.24457374378446
"miR-7847-3p"	-0.390369823306819	7.54741013458245	-0.757392308996998	0.464635895603539	0.888111747897225	-6.24528814276423
"miR-6746-5p"	0.365774958315251	5.77432859468574	0.608223326547737	0.555316331239766	0.903114451242177	-6.24750024428532
"miR-6732-5p"	-0.19442719468316	3.79766884105782	-0.257192384821768	0.801749409739224	0.945897088629047	-6.25040442350438
"miR-4449"	0.391593905854323	6.64779346579781	0.545169948553324	0.596452323353388	0.91630319614827	-6.2506476356382
"miR-7106-5p"	-0.208884770608073	2.91238479757755	-0.258629936894882	0.800667816405301	0.945897088629047	-6.25285563096919
"miR-199a-3p"	0.261107671456121	3.78170427941621	0.339027088612594	0.740935011586598	0.924923290291564	-6.25438337485743
"miR-6808-5p"	0.0359595346091772	4.19765903116304	0.0516680168736751	0.959714025949958	0.981224857566078	-6.25767172544148
"miR-7515"	-0.112436853422492	2.40667246582195	-0.169483909239382	0.86847429939611	0.968054999138897	-6.25831402378581
"miR-574-3p"	-0.3914090440823	8.21319681082698	-0.706894893759907	0.494247158075659	0.888111747897225	-6.26058027402322
"miR-22-3p"	0.491113947618578	10.6202942483149	0.709830127158456	0.492494913108291	0.888111747897225	-6.26082454708035
"miR-4655-5p"	0.273610432655064	4.82437275553596	0.423731489341834	0.679880071696305	0.919645653570092	-6.26250392291855
"miR-4270"	-0.279060579253391	4.47108738612405	-0.461098934576114	0.653657351455681	0.918435059110328	-6.26442237868939
"miR-4644"	0.0498077757780622	2.94198145878388	0.0608439291941946	0.952568386323484	0.980682383836503	-6.27005130324255
"miR-320a"	0.263569186074652	7.95565091966702	0.418567312627566	0.683540075298897	0.919769243678288	-6.27468320227319
"miR-660-5p"	-0.037797661712883	5.94156574071458	-0.0567395232723534	0.955764148344231	0.981224857566078	-6.27665749072543
"miR-6749-5p"	0.317665084892957	5.17403700047911	0.532503513624066	0.604903883848122	0.91630319614827	-6.27799534066675
"miR-4496"	-0.268711724553076	5.45671650234115	-0.417904402205591	0.684010516799536	0.919769243678288	-6.28113443248894
"miR-548w"	-0.064036381939058	5.61583544698927	-0.0980232516447478	0.923666670113055	0.974502989854669	-6.28154817751013
"miR-4429"	0.308734806311058	7.67373069592034	0.499656695179391	0.627101604258953	0.918435059110328	-6.29026075979332
"miR-548b-5p"	-0.104007110755462	5.32169292390377	-0.13640731330858	0.89394904707908	0.968467816363036	-6.29227101614127
"miR-6791-5p"	-0.279488231148432	5.13899011671129	-0.464978964045371	0.650961483248091	0.918435059110328	-6.29695734179351
"miR-4800-3p"	0.117878801613269	5.01278263790449	0.185145963399789	0.85646401709564	0.96249879195957	-6.29904374754778
"miR-7111-5p"	-0.402247081865787	6.24893190300589	-0.620718367039209	0.547355246063178	0.901615724765179	-6.30027005188203
"miR-1268a"	-0.407129129126351	9.35621894940945	-0.682093094944359	0.509204037580197	0.888111747897225	-6.30063550846643
"miR-124-3p"	-0.00736817378874477	3.40910466025514	-0.00626901893226456	0.995109658467424	0.999671625558546	-6.30267647020835
"miR-504-3p"	-0.0364304358596428	3.96519156629083	-0.0533487510348663	0.958404877298957	0.981224857566078	-6.30496373141462
"miR-101-3p"	0.365439514260325	7.64918125346388	0.567951232688815	0.581407707705828	0.912102567908878	-6.30977352171915
"miR-99a-5p"	0.334765798891397	7.45132126487257	0.634909562352801	0.538392094081743	0.901245932581491	-6.31148297108726
"miR-6716-5p"	-0.0244720973493582	3.15592159750614	-0.0337565777971012	0.973672404310315	0.990723421537459	-6.31218085493653
"miR-4687-5p"	-0.254816194336307	6.78299460840778	-0.447401960382385	0.663215172862984	0.918435059110328	-6.32193139313251
"miR-193a-3p"	0.267989113439348	7.74268313082523	0.481261003486841	0.639705644958656	0.918435059110328	-6.32300746402213
"miR-3135a"	-0.256814988537801	5.68066534017675	-0.426803489100932	0.677706921639313	0.919645653570092	-6.32343323039086
"miR-4497"	0.428101054370432	16.1901509299486	0.986203405126611	0.345103927126325	0.839944476977529	-6.32532083055232
"miR-4651"	0.326524404000845	8.57061815408974	0.636904680481614	0.537138736150345	0.901245932581491	-6.32742918346219
"miR-4417"	0.272444213198151	6.40058675617897	0.449002888412438	0.662094761017104	0.918435059110328	-6.3301487920345
"miR-149-3p"	0.362235899273384	11.0968616569404	0.700492690377277	0.498082243317649	0.888111747897225	-6.33098122756647
"miR-6781-5p"	0.374066212867506	6.54633565462222	0.591559445725952	0.566033156740074	0.903494262326206	-6.33399183944981
"miR-4640-5p"	-0.433762335279381	6.44817378066139	-0.517973011289215	0.614674072997624	0.916635789861713	-6.33678413951734
"miR-6743-3p"	-0.122263893244484	4.77556592977147	-0.164160889973527	0.872564261514435	0.968157632465678	-6.33680233025441
"miR-205-5p"	0.35554360882424	14.2488300026831	0.796107819715755	0.442711581461615	0.888111747897225	-6.34138273443434
"miR-100-5p"	0.299163170070057	7.62992706798549	0.578877019834205	0.574264754228132	0.909464008411742	-6.34151821460634
"miR-4728-5p"	-0.0549489142065331	4.43964419884904	-0.0867383094768094	0.932429002286883	0.975185887753301	-6.34388346309743
"miR-6727-5p"	0.302018187967437	8.03098208175625	0.577557657837989	0.575124794526818	0.909464008411742	-6.34459363692882
"miR-5585-3p"	-0.299478224570485	9.63730240540998	-0.55586071790697	0.58936701874271	0.915636355972313	-6.34529725721263
"miR-4787-3p"	-0.290588385157094	5.61188105670787	-0.489544512574844	0.634015081203478	0.918435059110328	-6.35011499578077
"miR-451a"	-0.0801202727878683	4.31357064060779	-0.131809782354948	0.897500549527886	0.968467816363036	-6.35065861650071
"miR-125b-5p"	0.289638081501698	9.72817023378734	0.552815615468436	0.591380648123771	0.915636355972313	-6.35196755876184
"miR-6812-3p"	-0.189438652397782	5.64443920613625	-0.328782435655648	0.748457688496433	0.924923290291564	-6.35525666892978
"miR-649"	0.172893336580513	6.39076055866258	0.276312981942877	0.787399675986265	0.941387112620676	-6.35580322175904
"miR-1207-5p"	-0.263403861859005	6.47645209349305	-0.482287419920189	0.638999198601276	0.918435059110328	-6.35708817648937
"miR-6510-5p"	0.359609688519727	6.65234036437263	0.590879571003491	0.566472790995488	0.903494262326206	-6.35905991180715
"miR-3180-3p"	-0.0946547200796917	4.3071175457102	-0.133622809687462	0.896099737162356	0.968467816363036	-6.36014713916649
"miR-1181"	-0.332944793337891	7.49126271735644	-0.526469663571252	0.608951358758163	0.916518161785762	-6.36095116712225
"miR-7855-5p"	-0.270191541753129	5.42807060217998	-0.439535201705099	0.668733184554143	0.918435059110328	-6.36659057776554
"miR-4695-5p"	0.217428014709387	5.69298878585508	0.388012934849065	0.70536602858346	0.924923290291564	-6.37728465500606
"miR-20a-5p"	0.295305221547801	9.5431180486168	0.537279910073927	0.601709684384522	0.91630319614827	-6.37906882226268
"miR-6771-5p"	0.099421973062057	5.4575454102214	0.160049134118316	0.87572621353548	0.968157632465678	-6.38059994901319
"miR-6512-5p"	0.253728413244393	7.77641903462997	0.488540918929267	0.634703222464115	0.918435059110328	-6.38394019880407
"miR-6858-5p"	-0.26622589592625	7.11677639622448	-0.465260985029345	0.650765735544702	0.918435059110328	-6.38433600815469
"miR-6880-5p"	0.0932177870519655	5.23861127431166	0.15574321925019	0.879039900770911	0.968157632465678	-6.38529938241255
"miR-1469"	0.108802602883395	5.19270415981289	0.182330485797084	0.858620338864439	0.96249879195957	-6.3874374479289
"CTRL_miR_POS4"	0.32255246510183	10.1423424746981	0.590406415201951	0.566778862707164	0.903494262326206	-6.38854528709802
"miR-143-3p"	0.111650357544484	3.73940554846643	0.172081619128243	0.866479787873599	0.967707982374794	-6.39319156276405
"miR-3674"	-0.212188831618947	6.94795832942428	-0.37335300401309	0.715938622690394	0.924923290291564	-6.39443934053663
"CTRL_miR_POS1"	0.330752889405243	10.5995249909221	0.609284861475738	0.554637484036797	0.903114451242177	-6.39710496071183
"miR-6894-5p"	0.0937318668416385	4.78640849353738	0.0959142733271701	0.925303446552858	0.974502989854669	-6.40039665168352
"miR-106a-5p"	0.195122718986309	8.15750816588499	0.315797891245426	0.75803156674823	0.924923290291564	-6.4022450099969
"miR-6793-3p"	-0.280892158189354	7.60860452896632	-0.457719038060814	0.656009934390718	0.918435059110328	-6.40336923041776
"miR-1237-5p"	0.302703134755993	10.1942980451927	0.585387028155788	0.570031326296374	0.906242832422921	-6.40494576028698
"miR-6068"	0.16574305253444	5.20541591573839	0.293372150570604	0.774665957013967	0.932043308103124	-6.40891379829962
"miR-4530"	0.0432188227183881	5.60832618440887	0.0733549007747856	0.942832737813476	0.977206642577626	-6.40959255784174
"miR-6086"	-0.035874408148457	4.95487782607347	-0.0542175822025484	0.957728181789697	0.981224857566078	-6.41234561279155
"miR-148a-5p"	0.229014679567252	8.56429446459939	0.436066513479921	0.671172764193562	0.918547064279776	-6.41439766841028
"miR-6756-3p"	-0.217677045734919	6.7644996364399	-0.380478340584025	0.710791971394526	0.924923290291564	-6.4149979788441
"miR-7107-5p"	-0.216160666048325	6.40884876575936	-0.377150125533425	0.713194098527645	0.924923290291564	-6.41512339966678
"miR-638"	0.302076128508049	10.9263261463442	0.522963306840797	0.611309704744583	0.916635789861713	-6.41807619130498
"miR-1285-5p"	-0.222227842924506	10.1547238662054	-0.406226994630822	0.692320296745932	0.924923290291564	-6.42471173978022
"miR-4634"	0.205245109763027	8.87010771792853	0.386976253403824	0.706111576859738	0.924923290291564	-6.42686355571693
"miR-6730-3p"	0.0880167822481851	5.22411073059774	0.157824711756916	0.877437748166572	0.968157632465678	-6.42782542769855
"miR-6803-5p"	-0.296829981928783	9.04268321262403	-0.471630924680124	0.646351769131643	0.918435059110328	-6.42910033743157
"miR-1254"	-0.113059534095264	6.40409891175621	-0.196675431202202	0.8476467461912	0.959264352082789	-6.42932842590524
"miR-1255b-2-3p"	-0.218427161732891	9.59269738574821	-0.392881386633865	0.701869118562508	0.924923290291564	-6.43508668211732
"miR-4281"	0.313418603071461	12.8838751055107	0.682264803727187	0.509099564492162	0.888111747897225	-6.43585945617489
"miR-5591-3p"	-0.18688373987044	6.98909093279639	-0.342430887533438	0.738441785446695	0.924923290291564	-6.43832487787956
"miR-4534"	-0.163902071856434	5.74298820825918	-0.299166709447917	0.770356108478393	0.932043308103124	-6.44156012839637
"miR-3656"	0.215319275387685	8.26457653846447	0.377531743083242	0.712918502135058	0.924923290291564	-6.44669486609001
"miR-335-5p"	0.197913760403442	7.82001358483884	0.373347833440981	0.715942362798449	0.924923290291564	-6.44700924270038
"miR-4286"	-0.182557910058385	7.48898409667413	-0.349705423478057	0.733123846740415	0.924923290291564	-6.447714441869
"miR-1273h-5p"	-0.244675489394391	11.1265574252512	-0.448447189823821	0.662483569924759	0.918435059110328	-6.44828243653477
"miR-6799-5p"	0.198265850557666	7.76034551032317	0.354921538114622	0.729319639645757	0.924923290291564	-6.44946284378122
"miR-6165"	-0.0557221207703145	5.88020832110616	-0.0934230433416534	0.92723735235439	0.974502989854669	-6.45206442983315
"CTRL_miR_POS6"	0.282467133048759	10.5926148195381	0.514558586282241	0.616981362493488	0.916967288116888	-6.45209822463588
"miR-765"	-0.0776712318995976	5.1870349768909	-0.14124334197635	0.890215926784497	0.968467816363036	-6.45414797089894
"miR-29c-3p"	0.196807792342032	8.28724745647347	0.322014686353283	0.753442346089352	0.924923290291564	-6.45432020454883
"miR-6126"	-0.33882433401249	14.1694436102572	-0.708466331718379	0.493308584806443	0.888111747897225	-6.45479627794446
"miR-3940-5p"	0.218782920413065	7.97899129625641	0.34447857683294	0.736943394886725	0.924923290291564	-6.45778198319193
"miR-654-5p"	0.172177760982732	7.02805508046599	0.327744371240966	0.749221483804905	0.924923290291564	-6.45814320035786
"miR-6756-5p"	0.170338755390729	6.95127215779693	0.316787613376452	0.757300300006325	0.924923290291564	-6.45833860480686
"miR-5196-5p"	0.205119970308989	6.12949343399473	0.387591675364609	0.705668946124354	0.924923290291564	-6.46303561276182
"miR-1299"	-0.108853688464914	6.77881768469565	-0.198576504707682	0.846194933462799	0.959264352082789	-6.46602981949908
"miR-3184-3p"	-0.0462595078970614	5.36810658766123	-0.0737843631967941	0.942498706883393	0.977206642577626	-6.46710348698451
"miR-4688"	0.0414514543830964	5.9859489745653	0.0715347237580478	0.944248577060674	0.977206642577626	-6.46728299537221
"miR-4459"	0.165799407545026	7.94023352480156	0.307725483268132	0.764005114993541	0.928391461457315	-6.47020427282562
"CTRL_miR_POS3"	0.253269632256178	10.2967451216677	0.453190134601622	0.659168392647364	0.918435059110328	-6.47297287776846
"miR-210-3p"	0.00561389963477274	6.97567401272362	0.00811302297551387	0.993671216752122	0.999671625558546	-6.47490206222911
"miR-4516"	-0.295485882817724	13.70450338582	-0.68695753325607	0.506249320483856	0.888111747897225	-6.47690656158672
"miR-4741"	-0.16435743066418	6.94915397833124	-0.293099348357202	0.774869057158246	0.932043308103124	-6.47691333674899
"miR-6780b-5p"	-0.189271784726578	11.1816068152773	-0.364513322341015	0.722344043977979	0.924923290291564	-6.48680249729039
"miR-193b-3p"	0.0173748920090409	8.25677109747118	0.0311723753094148	0.975687147011596	0.990723421537459	-6.48781500436024
"miR-7641"	0.201960501343112	10.2243321216452	0.202859937725908	0.842925949495763	0.959264352082789	-6.48821370144845
"miR-1227-5p"	0.107987572866185	9.62892174034535	0.199894762091811	0.845188555256497	0.959264352082789	-6.48920920166209
"miR-8069"	-0.0706937643348076	6.62845816584697	-0.131301607189573	0.897893250174853	0.968467816363036	-6.49129266501047
"miR-6845-5p"	-0.0789340997782464	6.78573389087638	-0.131100682134293	0.898048526163603	0.968467816363036	-6.49297805541258
"miR-1915-3p"	-0.091779884199944	8.2289804707085	-0.17201478101207	0.866531093829706	0.967707982374794	-6.49361983412794
"miR-937-5p"	0.0607300337919631	6.78688353140275	0.0994654921701243	0.922547560096862	0.974502989854669	-6.4950255306888
"miR-3135b"	-0.185708368543771	10.0243356670691	-0.353356669434164	0.730460134605702	0.924923290291564	-6.49648441645058
"CTRL_miR_POS2"	0.217528724945292	10.2925103201464	0.379278948741204	0.711657252265402	0.924923290291564	-6.49671605573512
"miR-6077"	0.119292503620773	6.61610064371699	0.210498523285594	0.837104110755416	0.959264352082789	-6.49712164892606
"miR-4787-5p"	0.226061436674922	11.2715026232071	0.442403989363363	0.66671853183127	0.918435059110328	-6.49763912499738
"miR-1286"	0.0609003383600467	5.86870495534429	0.110348938048952	0.914108338993987	0.970365391732478	-6.49936926938012
"miR-6786-5p"	0.21646528487263	11.0269965236458	0.439042927725264	0.669079166164691	0.918435059110328	-6.49959584299327
"miR-4632-5p"	-0.0512465125045622	7.22490260153827	-0.0914818582388628	0.928744606895227	0.974502989854669	-6.50036435016568
"miR-1273d"	-0.114146391924297	10.422112993988	-0.213505773829243	0.834814866297883	0.959264352082789	-6.50104738116182
"miR-197-5p"	0.0623842767207861	6.08595237909945	0.111474499786541	0.913236169202893	0.970365391732478	-6.50202850282906
"miR-548d-5p"	-0.0408622465497011	7.95031177514231	-0.0780089595635804	0.939213489745256	0.977206642577626	-6.50441539559844
"miR-132-3p"	0.0379839598884454	7.37426663022741	0.0680059734955513	0.946994011507393	0.978340503177499	-6.50504527572166
"miR-574-5p"	0.0531058801864108	8.18238736666313	0.10280867377372	0.919954087012367	0.974165667139881	-6.50931326756703
"miR-6088"	-0.0734318294987677	8.39675091421993	-0.129133608498573	0.899568925658168	0.968467816363036	-6.51617481802011
"miR-5739"	-0.0621882677619503	6.04843515535903	-0.110006870553705	0.914373422019929	0.970365391732478	-6.51657819766709
"miR-6752-5p"	0.195320335746549	11.5380711048998	0.343493800777234	0.737663859928603	0.924923290291564	-6.52326082764063
"miR-8072"	0.131754402227143	10.1127241706747	0.253747418915332	0.8043431121937	0.945897088629047	-6.52493369542894
"miR-4739"	0.263953616235282	11.4430475393204	0.488831814262907	0.634503725076782	0.918435059110328	-6.5256682482954
"miR-762"	-0.210391828617819	10.9065593401667	-0.422408449804729	0.680816934093205	0.919645653570092	-6.53495104188922
"miR-3178"	0.161007468956682	11.654449175852	0.335614321858253	0.743437925570894	0.924923290291564	-6.53643099829383
"miR-1273f"	-0.0653238310505105	10.7260735314819	-0.128737915409559	0.89987481756498	0.968467816363036	-6.53764203233592
"CTRL_miR_POS5"	0.108905457081581	10.117705133109	0.196963969496764	0.847426357019692	0.959264352082789	-6.54190894629296
"miR-663a"	-0.252651989781935	12.5986726819555	-0.53128800611083	0.605718133035619	0.91630319614827	-6.55483265934975
"miR-3141"	0.0667498754780826	7.67195545952678	0.12160183702784	0.905394249654356	0.970365391732478	-6.58910202779389
"miR-5096"	-0.152444635191268	13.3891692913433	-0.318794602837253	0.755818175611668	0.924923290291564	-6.64279966641918
"miR-6089"	-0.121906508772362	11.7078046905227	-0.237351259192577	0.816720896176281	0.95525737955135	-6.64366508851608
"miR-4466"	0.0845218605634083	12.5891363561822	0.192481571558483	0.850851593427788	0.961057133147958	-6.68473169671369
"miR-6090"	-0.095805867558088	12.975924101347	-0.20937852751309	0.837957101702088	0.959264352082789	-6.7220890867465
"miR-5787"	0.0394020174097408	13.6835387662731	0.089694470346813	0.930132701952349	0.974502989854669	-6.73765857473183
"miR-1273g-3p"	-0.151299954862532	15.4707049320202	-0.350201843721951	0.732761474425204	0.924923290291564	-6.74171945784707
"miR-1246"	0.230840185330592	17.9352404196928	0.803997364223828	0.438327653969535	0.888111747897225	-6.75828896936727
"miR-619-5p"	-0.141350205851248	15.3769442882302	-0.322028546515426	0.753432125570428	0.924923290291564	-6.80774948915427
"miR-3960"	0.0902834798589031	16.3667078589367	0.232076029032221	0.820714567184561	0.958038855000876	-6.89437024916517
