"V1" "exp-pA<15" "polyA-pA<15" "UU-pA<15" "U-pA<15" "U>3-pA<15" "polyA-NoU-pA<15" "exp-pA<25" "polyA-pA<25" "UU-pA<25" "U-pA<25" "U>3-pA<25" "polyA-NoU-pA<25" "exp" "polyA-pA>25" "UU-pA>25" "U-pA>25" "polyA-NoU-pA>25" "symbol"
"ENSG00000004779" 213 8 3 3 0 0 213 3 0 0 0 0 213 36 0 0 0 "NDUFAB1"
"ENSG00000005022" 333 10 2 3 0 0 333 7 0 0 0 0 333 30 0 0 0 "SLC25A5"
"ENSG00000008018" 229 4 0 0 0 0 229 4 0 0 0 0 229 28 0 0 0 "PSMB1"
"ENSG00000008394" 285 7 0 0 0 0 285 0 0 0 0 0 285 25 0 0 0 "MGST1"
"ENSG00000008988" 572 10 2 0 0 0 572 6 0 2 0 0 572 40 0 0 0 "SNORD54"
"ENSG00000009307" 1284 26 0 0 2 0 1284 10 0 2 2 0 1284 40 0 0 0 "CSDE1"
"ENSG00000011426" 537 25 4 4 0 0 537 7 0 2 0 0 537 19 0 0 0 "ANLN"
"ENSG00000014641" 381 4 0 0 0 0 381 3 0 0 0 0 381 39 0 0 0 "MDH1"
"ENSG00000018510" 674 12 2 2 0 0 674 6 0 2 0 0 674 14 0 0 0 "AGPS"
"ENSG00000021826" 1432 20 0 5 2 0 1432 6 0 0 0 0 1432 20 0 0 0 "CPS1"
"ENSG00000023734" 356 12 0 2 0 0 356 5 0 0 0 0 356 33 0 0 0 "STRAP"
"ENSG00000026025" 1080 67 5 15 16 2 1080 48 2 6 2 0 1080 198 2 3 2 "VIM"
"ENSG00000034510" 1298 55 0 0 0 3 1298 20 0 0 0 0 1298 193 5 2 0 "TMSB10"
"ENSG00000041357" 395 19 2 2 0 0 395 4 0 0 0 0 395 19 0 0 0 "PSMA4"
"ENSG00000044115" 654 17 0 0 0 0 654 5 2 0 0 0 654 31 0 0 0 "CTNNA1"
"ENSG00000055044" 359 7 0 0 0 0 359 4 0 0 0 0 359 23 0 0 0 "NOP58"
"ENSG00000057608" 493 18 0 0 0 0 493 13 2 2 0 0 493 39 2 0 0 "GDI2"
"ENSG00000061676" 619 20 4 0 0 0 619 7 0 2 0 0 619 17 0 0 0 "NCKAP1"
"ENSG00000062716" 1377 19 0 0 0 0 1377 4 0 0 0 0 1377 17 0 0 0 "VMP1"
"ENSG00000063177" 372 6 0 0 0 0 372 4 0 0 0 0 372 38 0 0 0 "RPL18"
"ENSG00000064042" 574 10 0 2 0 0 574 6 0 0 0 0 574 19 0 0 0 "LIMCH1"
"ENSG00000065150" 857 24 0 2 0 0 857 6 0 0 0 0 857 22 0 0 0 "IPO5"
"ENSG00000065978" 349 4 0 0 0 0 349 7 0 0 0 0 349 19 0 3 0 "YBX1"
"ENSG00000066279" 1064 24 2 0 2 0 1064 7 0 0 0 0 1064 17 0 0 0 "ASPM"
"ENSG00000067225" 1921 26 0 0 0 0 1921 8 0 0 0 0 1921 61 2 3 3 "PKM"
"ENSG00000067560" 731 13 0 0 0 0 731 7 0 0 0 0 731 28 0 0 2 "RHOA"
"ENSG00000069275" 861 12 0 0 0 0 861 5 0 0 0 0 861 28 0 0 0 "NUCKS1"
"ENSG00000071082" 1146 25 7 0 3 0 1146 20 5 0 0 0 1146 220 2 0 2 "RPL31"
"ENSG00000072210" 415 7 0 3 0 0 415 8 0 0 0 0 415 21 0 0 0 "ALDH3A2"
"ENSG00000072274" 794 14 0 0 0 0 794 5 0 0 0 0 794 24 0 0 0 "TFRC"
"ENSG00000073712" 570 15 0 0 0 0 570 6 0 0 0 0 570 12 0 0 0 "FERMT2"
"ENSG00000074695" 856 18 0 3 0 0 856 3 0 0 0 0 856 10 0 0 0 "LMAN1"
"ENSG00000074800" 2096 28 0 0 0 4 2096 28 0 2 2 0 2096 57 0 0 2 "ENO1"
"ENSG00000075142" 333 8 0 0 2 0 333 9 0 0 0 0 333 33 0 0 0 "SRI"
"ENSG00000075223" 818 16 0 0 0 0 818 2 0 0 0 0 818 15 0 0 0 "SEMA3C"
"ENSG00000075415" 604 12 0 0 0 0 604 11 2 0 0 0 604 52 0 0 0 "SLC25A3"
"ENSG00000075624" 1637 23 0 0 0 0 1637 8 0 0 0 0 1637 26 0 0 0 "ACTB"
"ENSG00000077147" 523 13 0 2 2 0 523 6 0 0 0 0 523 11 0 0 0 "TM9SF3"
"ENSG00000079246" 1281 24 2 0 0 0 1281 15 0 0 0 2 1281 68 0 0 0 "XRCC5"
"ENSG00000080824" 1330 27 0 0 4 0 1330 12 0 2 0 0 1330 56 5 0 0 "HSP90AA1"
"ENSG00000082898" 776 23 3 2 0 0 776 9 0 0 0 0 776 17 0 0 0 "XPO1"
"ENSG00000083312" 1512 22 0 2 0 0 1512 7 0 0 0 0 1512 38 0 0 0 "TNPO1"
"ENSG00000083845" 388 8 0 0 0 0 388 10 0 3 0 0 388 56 0 0 0 "RPS5"
"ENSG00000083857" 542 17 2 0 0 0 542 3 0 0 0 0 542 11 0 0 0 "FAT1"
"ENSG00000084207" 282 2 0 0 0 0 282 8 0 2 0 0 282 37 0 0 0 "GSTP1"
"ENSG00000085063" 1102 8 0 0 0 0 1102 7 0 0 0 0 1102 55 0 0 0 "CD59"
"ENSG00000085231" 224 9 0 4 0 0 224 8 0 0 0 0 224 23 0 0 0 "TAF9"
"ENSG00000086061" 873 30 4 9 0 0 873 9 0 0 0 0 873 54 2 0 0 "DNAJA1"
"ENSG00000087086" 1720 34 0 0 0 0 1720 17 0 0 0 0 1720 170 8 4 5 "FTL"
"ENSG00000087302" 275 9 2 0 0 0 275 0 0 0 0 0 275 22 0 0 0 "C14orf166"
"ENSG00000087460" 449 5 0 0 0 0 449 0 0 0 0 0 449 36 0 0 0 "GNAS"
"ENSG00000092621" 154 4 0 0 2 0 154 4 0 0 0 0 154 26 0 0 0 "PHGDH"
"ENSG00000092841" 673 21 0 0 0 0 673 24 3 2 0 0 673 86 3 0 0 "MYL6"
"ENSG00000099194" 506 9 0 0 0 0 506 4 0 0 0 0 506 20 0 0 0 "SCD"
"ENSG00000099901" 235 9 0 0 0 0 235 3 0 0 0 0 235 35 0 0 0 "RANBP1"
"ENSG00000100097" 300 16 0 0 0 0 300 9 0 0 0 0 300 66 0 0 0 "LGALS1"
"ENSG00000100138" 229 9 3 0 0 0 229 10 3 0 0 0 229 31 0 0 0 "NHP2L1"
"ENSG00000100201" 696 7 0 0 0 0 696 5 0 0 0 0 696 20 0 0 0 "DDX17"
"ENSG00000100567" 223 3 0 0 0 0 223 7 0 0 0 0 223 21 0 0 0 "PSMA3"
"ENSG00000100644" 1382 39 4 4 2 0 1382 15 3 0 0 0 1382 34 0 0 0 "HIF1A"
"ENSG00000101132" 153 6 0 0 0 0 153 3 0 0 0 0 153 21 0 0 0 "PFDN4"
"ENSG00000101166" 492 13 0 2 0 0 492 6 0 0 0 0 492 17 0 0 0 "SLMO2"
"ENSG00000101182" 654 28 2 0 0 0 654 22 3 3 0 0 654 61 0 0 0 "PSMA7"
"ENSG00000101558" 389 11 0 2 0 0 389 4 0 0 0 0 389 24 0 0 0 "VAPA"
"ENSG00000101608" 305 8 0 0 0 0 305 0 0 0 0 0 305 25 0 0 0 "MYL12A"
"ENSG00000101972" 674 12 2 0 0 2 674 2 0 0 0 0 674 22 0 0 0 "STAG2"
"ENSG00000102024" 1535 28 2 0 0 0 1535 5 0 0 0 0 1535 49 0 2 3 "PLS3"
"ENSG00000102144" 890 14 0 0 0 0 890 10 0 0 0 0 890 19 0 0 0 "PGK1"
"ENSG00000102317" 361 6 0 0 0 0 361 3 0 0 0 0 361 38 0 0 0 "RBM3"
"ENSG00000103035" 212 6 0 0 0 0 212 8 0 2 0 0 212 19 0 0 2 "PSMD7"
"ENSG00000104408" 634 18 3 0 0 0 634 2 0 0 0 0 634 43 0 0 0 "EIF3E"
"ENSG00000105185" 213 7 0 0 0 0 213 9 3 0 0 0 213 66 2 0 0 "PDCD5"
"ENSG00000105193" 337 9 0 0 0 0 337 7 0 0 0 0 337 55 0 0 2 "RPS16"
"ENSG00000105372" 499 14 0 0 0 0 499 10 0 0 0 0 499 76 0 0 0 "RPS19"
"ENSG00000105854" 402 7 3 0 0 0 402 7 0 0 0 0 402 17 0 0 0 "PON2"
"ENSG00000106028" 207 7 0 0 0 0 207 0 0 0 0 0 207 41 0 0 0 "SSBP1"
"ENSG00000106105" 211 7 0 3 0 0 211 0 0 0 0 0 211 25 0 0 0 "GARS"
"ENSG00000106153" 172 4 0 0 0 0 172 3 0 0 0 0 172 30 0 0 0 "CHCHD2"
"ENSG00000108294" 386 4 0 0 0 0 386 11 0 0 0 0 386 67 0 0 0 "PSMB3"
"ENSG00000108298" 1067 21 2 0 0 0 1067 10 0 0 0 0 1067 230 6 2 0 "RPL19"
"ENSG00000108424" 661 14 0 0 0 0 661 7 0 0 0 0 661 28 0 0 0 "KPNB1"
"ENSG00000108518" 325 5 0 0 0 0 325 2 0 0 0 0 325 42 0 0 0 "PFN1"
"ENSG00000108561" 493 6 0 0 0 0 493 11 0 2 0 0 493 39 0 0 0 "C1QBP"
"ENSG00000108654" 712 19 2 5 2 0 712 11 0 0 0 3 712 25 0 0 0 "DDX5"
"ENSG00000108953" 642 9 0 0 0 0 642 3 0 0 0 0 642 53 3 0 0 "YWHAE"
"ENSG00000109475" 429 17 0 0 0 2 429 4 0 2 0 0 429 87 0 0 0 "RPL34"
"ENSG00000109861" 571 8 0 0 0 0 571 5 2 2 0 0 571 32 0 0 0 "CTSC"
"ENSG00000109971" 1997 23 2 0 0 0 1997 4 2 0 0 0 1997 29 0 0 0 "HSPA8"
"ENSG00000110321" 1385 21 0 3 0 0 1385 18 0 2 3 0 1385 32 0 0 0 "EIF4G2"
"ENSG00000110700" 1050 21 2 0 0 0 1050 17 4 0 0 0 1050 162 4 0 0 "RPS13"
"ENSG00000110955" 780 9 0 2 0 0 780 13 0 0 0 0 780 69 2 0 0 "ATP5B"
"ENSG00000111371" 1140 16 0 0 0 0 1140 5 0 0 0 0 1140 23 0 0 0 "SLC38A1"
"ENSG00000111639" 252 3 0 0 0 0 252 2 0 0 0 0 252 48 0 0 0 "MRPL51"
"ENSG00000111640" 2114 21 0 0 0 0 2114 8 0 0 0 0 2114 16 0 0 0 "GAPDH"
"ENSG00000111716" 1572 47 0 0 0 0 1572 28 3 3 3 0 1572 133 4 0 2 "LDHB"
"ENSG00000111843" 327 12 2 0 0 0 327 8 0 0 0 0 327 27 2 0 0 "TMEM14C"
"ENSG00000112081" 593 11 0 0 0 0 593 10 0 0 0 0 593 28 0 0 0 "SRSF3"
"ENSG00000112110" 144 3 0 0 0 0 144 4 0 0 0 0 144 38 0 0 0 "MRPL18"
"ENSG00000112245" 1128 28 2 3 0 0 1128 9 0 0 0 0 1128 18 0 0 0 "PTP4A1"
"ENSG00000112306" 559 12 0 0 0 0 559 4 0 0 0 0 559 43 2 0 0 "RPS12"
"ENSG00000112695" 328 11 0 0 0 0 328 5 0 0 0 0 328 37 0 0 0 "COX7A2"
"ENSG00000112996" 508 15 4 3 0 0 508 6 0 0 0 0 508 26 0 0 0 "MRPS30"
"ENSG00000113013" 933 41 0 9 7 0 933 10 0 0 4 0 933 66 3 2 0 "HSPA9"
"ENSG00000113369" 639 15 0 0 0 0 639 6 0 0 0 0 639 10 0 0 0 "ARRDC3"
"ENSG00000113384" 609 19 0 5 0 0 609 11 2 0 0 0 609 14 0 0 0 "GOLPH3"
"ENSG00000113387" 1099 22 0 2 0 0 1099 19 4 6 0 0 1099 92 2 0 0 "SUB1"
"ENSG00000113407" 1599 34 6 4 0 3 1599 11 0 3 0 0 1599 54 2 0 0 "TARS"
"ENSG00000113448" 1062 17 2 2 0 0 1062 7 0 2 0 0 1062 14 0 0 0 "PDE4D"
"ENSG00000113460" 577 21 6 5 0 0 577 11 0 0 0 0 577 28 0 0 0 "BRIX1"
"ENSG00000113558" 261 3 0 0 0 0 261 8 0 0 0 0 261 24 0 0 0 "SKP1"
"ENSG00000113569" 958 16 0 3 0 0 958 6 0 0 0 0 958 25 0 0 2 "NUP155"
"ENSG00000113580" 579 26 6 3 3 0 579 0 0 0 0 0 579 9 0 0 0 "NR3C1"
"ENSG00000114251" 582 20 0 3 0 0 582 3 0 0 0 0 582 16 0 0 0 "WNT5A"
"ENSG00000114391" 423 8 0 0 0 0 423 4 0 0 0 0 423 31 0 0 0 "RPL24"
"ENSG00000114686" 350 4 0 0 0 0 350 7 3 0 0 0 350 20 3 0 0 "MRPL3"
"ENSG00000115053" 471 7 0 0 0 0 471 11 0 2 0 0 471 17 0 0 0 "NCL"
"ENSG00000115091" 712 18 0 2 0 0 712 10 2 4 0 0 712 29 0 0 0 "ACTR3"
"ENSG00000115128" 317 10 0 0 0 0 317 5 0 0 0 0 317 39 0 0 0 "SF3B6"
"ENSG00000115306" 592 14 0 0 0 0 592 9 0 0 0 0 592 13 0 0 0 "SPTBN1"
"ENSG00000115310" 380 11 0 0 0 0 380 4 0 0 0 0 380 28 0 0 5 "RTN4"
"ENSG00000115524" 1018 13 0 0 0 0 1018 11 0 0 0 0 1018 16 0 0 0 "SF3B1"
"ENSG00000115541" 425 24 3 6 2 0 425 23 2 0 2 0 425 101 0 0 0 "HSPE1"
"ENSG00000115758" 613 17 3 0 3 0 613 14 3 0 2 0 613 36 2 0 0 "ODC1"
"ENSG00000115919" 384 13 0 0 0 0 384 5 0 0 0 0 384 19 0 0 0 "KYNU"
"ENSG00000116044" 234 19 0 6 0 0 234 3 2 0 0 0 234 12 0 0 0 "NFE2L2"
"ENSG00000116209" 497 5 0 0 0 0 497 6 0 0 0 0 497 44 0 0 2 "TMEM59"
"ENSG00000116288" 295 10 0 0 0 0 295 7 0 0 0 0 295 39 0 0 0 "PARK7"
"ENSG00000116459" 398 7 0 0 0 0 398 3 0 0 0 0 398 20 2 0 2 "ATP5F1"
"ENSG00000116560" 399 15 0 2 0 0 399 4 0 0 0 0 399 18 0 0 0 "SFPQ"
"ENSG00000116898" 135 2 0 0 0 0 135 4 0 0 0 0 135 31 0 0 0 "MRPS15"
"ENSG00000117118" 354 5 0 0 0 0 354 3 2 0 0 0 354 28 0 0 0 "SDHB"
"ENSG00000117318" 641 24 6 2 0 0 641 24 4 0 0 0 641 21 0 0 0 "ID3"
"ENSG00000117395" 224 5 0 0 0 0 224 5 0 0 0 0 224 61 0 0 0 "EBNA1BP2"
"ENSG00000117450" 1553 46 0 3 0 2 1553 20 2 0 0 0 1553 104 3 0 3 "PRDX1"
"ENSG00000117632" 552 12 0 0 0 0 552 5 0 0 0 0 552 32 0 0 0 "STMN1"
"ENSG00000117724" 951 16 0 0 0 0 951 5 0 0 0 0 951 18 0 0 0 "CENPF"
"ENSG00000118515" 770 15 2 3 0 0 770 7 0 0 0 0 770 12 0 0 0 "SGK1"
"ENSG00000118705" 618 9 0 0 0 0 618 4 2 0 0 0 618 20 0 0 0 "RPN2"
"ENSG00000119335" 978 22 2 0 2 0 978 20 0 5 2 0 978 75 2 0 0 "SET"
"ENSG00000119705" 320 4 0 0 0 0 320 10 2 0 0 0 320 85 0 0 0 "SLIRP"
"ENSG00000120708" 1961 33 0 0 0 6 1961 6 0 0 0 0 1961 65 3 0 4 "TGFBI"
"ENSG00000120802" 792 13 2 0 0 0 792 11 0 0 0 0 792 19 0 0 0 "TMPO"
"ENSG00000120885" 1028 14 0 0 0 0 1028 12 0 0 0 0 1028 86 0 0 0 "CLU"
"ENSG00000122406" 971 17 3 0 0 0 971 30 3 3 0 0 971 211 3 0 2 "RPL5"
"ENSG00000122565" 438 11 2 0 0 0 438 10 0 0 0 0 438 29 0 0 0 "CBX3"
"ENSG00000122566" 641 14 0 2 0 0 641 2 0 0 0 0 641 22 0 0 0 "HNRNPA2B1"
"ENSG00000122705" 313 12 0 2 0 0 313 13 0 2 0 0 313 24 0 0 0 "CLTA"
"ENSG00000123080" 282 7 0 3 2 0 282 5 2 0 0 0 282 26 0 0 0 "CDKN2C"
"ENSG00000123562" 837 15 2 0 0 0 837 3 0 0 0 0 837 17 0 0 0 "MORF4L2"
"ENSG00000124172" 587 18 0 0 0 0 587 6 0 0 0 0 587 165 2 0 0 "ATP5E"
"ENSG00000124207" 1041 16 0 0 0 2 1041 5 0 0 0 0 1041 26 0 0 0 "CSE1L"
"ENSG00000124529" 2226 23 0 0 0 0 2226 5 0 0 0 0 2226 14 0 0 0 "HIST4H4"
"ENSG00000124635" 2126 24 0 0 0 0 2126 4 0 0 0 0 2126 17 0 0 0 "HIST1H2BJ"
"ENSG00000124693" 2962 31 0 0 0 0 2962 7 0 0 0 0 2962 28 0 0 0 "HIST1H3A"
"ENSG00000124767" 380 8 0 2 0 0 380 6 2 0 0 0 380 23 2 0 0 "GLO1"
"ENSG00000124795" 766 19 0 2 0 0 766 5 0 0 0 0 766 24 0 0 0 "DEK"
"ENSG00000125304" 523 10 0 0 0 0 523 4 0 0 0 0 523 23 0 0 0 "TM9SF2"
"ENSG00000125691" 1406 38 2 4 0 0 1406 28 0 0 0 0 1406 288 5 0 0 "SNORA21"
"ENSG00000125743" 259 19 0 0 0 0 259 12 0 0 0 0 259 50 2 0 0 "SNRPD2"
"ENSG00000125868" 586 13 0 0 0 0 586 7 0 0 0 0 586 50 2 0 0 "DSTN"
"ENSG00000125944" 508 7 0 2 0 0 508 6 0 0 0 0 508 25 0 0 0 "HNRNPR"
"ENSG00000126777" 873 23 0 0 0 0 873 11 0 3 2 0 873 32 0 2 0 "KTN1"
"ENSG00000127022" 1951 31 0 2 0 2 1951 7 0 0 0 0 1951 21 0 0 0 "CANX"
"ENSG00000127184" 485 6 0 0 0 0 485 20 0 0 0 2 485 126 4 0 0 "COX7C"
"ENSG00000127540" 59 0 0 0 0 0 59 0 0 0 0 0 59 36 0 0 0 "UQCR11"
"ENSG00000127920" 256 4 0 0 0 0 256 3 0 0 0 0 256 30 2 0 0 "GNG11"
"ENSG00000128050" 528 14 0 6 0 0 528 3 0 0 0 0 528 34 0 0 0 "PAICS"
"ENSG00000128463" 281 4 0 0 0 0 281 5 0 0 2 0 281 83 3 0 2 "EMC4"
"ENSG00000128595" 638 11 0 0 0 0 638 5 0 0 0 0 638 18 0 0 0 "CALU"
"ENSG00000128951" 450 11 0 0 0 0 450 5 2 0 0 0 450 43 0 0 0 "DUT"
"ENSG00000129128" 556 8 0 0 0 0 556 7 0 0 0 0 556 21 0 0 2 "SPCS3"
"ENSG00000129235" 193 0 0 0 0 0 193 7 0 0 0 0 193 30 0 0 0 "TXNDC17"
"ENSG00000129562" 270 10 0 0 0 0 270 8 2 0 0 0 270 39 2 0 0 "DAD1"
"ENSG00000130032" 114 0 0 0 0 0 114 0 0 0 0 0 114 75 0 0 0 "PRRG3"
"ENSG00000130255" 372 9 0 2 0 0 372 10 0 0 0 0 372 93 2 0 0 "RPL36"
"ENSG00000130741" 645 6 0 0 0 0 645 2 0 0 0 0 645 25 0 0 0 "EIF2S3"
"ENSG00000130770" 172 2 0 0 0 0 172 2 0 0 0 0 172 30 0 0 0 "ATPIF1"
"ENSG00000131051" 628 16 0 0 0 2 628 9 0 0 0 0 628 14 0 0 0 "RBM39"
"ENSG00000131143" 207 5 0 0 0 0 207 6 0 0 0 0 207 36 0 0 0 "COX4I1"
"ENSG00000131174" 383 6 0 0 0 0 383 11 0 0 0 0 383 44 0 0 0 "COX7B"
"ENSG00000131236" 308 9 0 0 0 0 308 5 0 0 0 0 308 20 0 0 0 "CAP1"
"ENSG00000131469" 620 18 0 0 0 0 620 2 0 0 0 0 620 41 0 0 2 "RPL27"
"ENSG00000131473" 714 20 5 0 2 0 714 12 0 3 2 0 714 22 0 0 0 "ACLY"
"ENSG00000131747" 1190 34 2 4 2 2 1190 9 0 2 0 0 1190 13 0 0 0 "TOP2A"
"ENSG00000132341" 908 17 0 3 0 0 908 27 3 3 0 0 908 55 0 0 0 "RAN"
"ENSG00000132356" 818 15 0 0 0 0 818 5 0 0 0 0 818 16 0 0 0 "PRKAA1"
"ENSG00000132475" 360 10 3 0 0 0 360 5 0 0 0 0 360 19 0 0 0 "H3F3B"
"ENSG00000132640" 1278 26 0 4 0 0 1278 8 0 0 0 0 1278 20 0 0 0 "BTBD3"
"ENSG00000132646" 481 13 0 2 2 0 481 7 0 0 0 0 481 18 0 0 0 "PCNA"
"ENSG00000132963" 253 4 0 0 0 0 253 5 0 0 0 0 253 25 0 0 0 "POMP"
"ENSG00000133112" 730 26 2 2 2 0 730 13 2 0 0 0 730 97 6 0 0 "TPT1"
"ENSG00000133302" 781 26 3 2 0 0 781 5 0 0 0 0 781 16 0 0 0 "ANKRD32"
"ENSG00000133706" 434 9 0 2 0 0 434 5 0 0 0 0 434 27 0 0 0 "LARS"
"ENSG00000133872" 300 8 0 0 0 0 300 4 0 0 0 0 300 33 0 0 0 "SARAF"
"ENSG00000134046" 256 8 0 0 0 0 256 14 5 0 2 0 256 15 0 0 0 "MBD2"
"ENSG00000134057" 721 27 2 3 3 0 721 17 2 0 0 0 721 40 0 0 0 "CCNB1"
"ENSG00000134294" 2310 68 9 14 3 0 2310 20 3 3 0 0 2310 43 0 0 0 "SLC38A2"
"ENSG00000134333" 1405 17 0 0 0 0 1405 9 0 0 0 0 1405 64 3 3 0 "LDHA"
"ENSG00000134352" 907 9 0 0 0 0 907 8 0 0 0 0 907 15 2 0 0 "IL6ST"
"ENSG00000134419" 178 4 0 0 0 0 178 0 0 0 0 0 178 37 3 0 0 "RPS15A"
"ENSG00000135046" 706 11 2 2 0 2 706 6 0 0 0 0 706 39 2 0 0 "ANXA1"
"ENSG00000135316" 545 9 0 0 0 0 545 5 2 0 0 0 545 17 0 2 0 "SYNCRIP"
"ENSG00000135480" 429 9 0 0 0 0 429 8 0 0 0 0 429 27 0 0 0 "KRT7"
"ENSG00000135486" 193 4 0 0 0 0 193 0 0 0 0 0 193 29 0 0 0 "HNRNPA1"
"ENSG00000136026" 127 4 0 0 0 0 127 0 0 0 0 0 127 27 0 0 0 "CKAP4"
"ENSG00000136450" 700 8 0 0 0 0 700 4 0 0 0 0 700 20 0 0 0 "SRSF1"
"ENSG00000136521" 309 6 0 0 0 0 309 11 4 0 0 0 309 25 0 0 0 "NDUFB5"
"ENSG00000136527" 404 17 0 0 0 0 404 3 0 0 0 0 404 25 0 0 0 "TRA2B"
"ENSG00000136628" 676 19 0 4 0 0 676 8 0 0 0 0 676 25 0 0 0 "EPRS"
"ENSG00000136758" 378 12 0 0 0 0 378 4 0 0 0 0 378 19 2 0 0 "YME1L1"
"ENSG00000136810" 1018 20 0 0 0 0 1018 13 2 0 0 0 1018 91 0 0 0 "TXN"
"ENSG00000136888" 197 11 0 0 0 0 197 3 0 0 0 0 197 23 0 0 2 "ATP6V1G1"
"ENSG00000136930" 218 3 0 0 0 0 218 2 0 0 0 0 218 35 0 0 0 "PSMB7"
"ENSG00000136942" 597 13 0 0 0 0 597 8 0 0 0 0 597 181 4 0 3 "RPL35"
"ENSG00000136997" 722 21 0 0 0 0 722 9 2 0 0 0 722 25 0 0 0 "MYC"
"ENSG00000137154" 3827 112 3 0 0 12 3827 44 5 0 0 0 3827 515 14 2 4 "RPS6"
"ENSG00000137804" 490 8 0 2 0 0 490 0 0 0 0 0 490 26 0 0 0 "NUSAP1"
"ENSG00000137818" 769 19 0 0 0 0 769 6 0 0 0 0 769 253 2 0 0 "RPLP1"
"ENSG00000137876" 291 10 0 5 0 0 291 2 0 0 0 0 291 19 0 0 0 "RSL24D1"
"ENSG00000138119" 298 10 0 0 0 2 298 5 0 0 0 0 298 15 0 0 0 "MYOF"
"ENSG00000138293" 438 11 0 0 0 0 438 4 0 0 0 0 438 23 0 0 0 "NCOA4"
"ENSG00000138326" 978 16 3 0 0 0 978 10 2 0 0 0 978 270 4 0 5 "RPS24"
"ENSG00000138434" 1025 15 0 0 0 0 1025 4 0 0 0 0 1025 15 0 0 0 "SSFA2"
"ENSG00000138448" 1672 23 2 2 0 0 1672 8 0 2 0 0 1672 18 0 0 0 "ITGAV"
"ENSG00000138777" 257 5 0 0 0 0 257 3 0 0 0 0 257 23 0 0 2 "PPA2"
"ENSG00000139644" 781 7 0 0 0 0 781 7 0 0 0 0 781 52 0 0 0 "TMBIM6"
"ENSG00000139684" 222 3 0 0 0 0 222 0 0 0 0 0 222 49 0 0 0 "ESD"
"ENSG00000140307" 275 11 0 3 0 0 275 5 0 2 0 0 275 27 0 0 0 "GTF2A2"
"ENSG00000140374" 241 3 0 2 0 0 241 7 2 0 0 0 241 22 0 0 0 "ETFA"
"ENSG00000140391" 337 9 0 0 0 0 337 3 0 0 0 0 337 38 0 0 2 "TSPAN3"
"ENSG00000140575" 835 13 0 0 0 0 835 5 0 0 0 0 835 29 0 0 0 "IQGAP1"
"ENSG00000140990" 119 5 0 0 0 0 119 6 0 0 0 0 119 25 0 0 0 "NDUFB10"
"ENSG00000141030" 322 9 0 0 0 0 322 7 3 2 0 0 322 18 0 0 0 "COPS3"
"ENSG00000141367" 1298 33 2 6 2 0 1298 19 3 4 0 0 1298 38 0 0 0 "CLTC"
"ENSG00000141429" 699 12 3 2 0 0 699 8 0 0 0 0 699 14 0 0 0 "GALNT1"
"ENSG00000142168" 322 5 0 0 0 0 322 8 0 0 0 0 322 53 2 0 2 "SOD1"
"ENSG00000142534" 574 29 2 0 0 0 574 12 0 0 0 0 574 69 0 0 2 "RPS11"
"ENSG00000142541" 446 10 0 0 0 0 446 14 0 0 0 0 446 35 0 0 0 "RPL13A"
"ENSG00000142676" 502 12 0 0 0 0 502 5 2 0 0 0 502 38 0 0 0 "RPL11"
"ENSG00000142864" 697 11 0 0 0 0 697 10 0 2 0 0 697 23 0 0 2 "SERBP1"
"ENSG00000142937" 505 15 0 0 0 0 505 6 0 0 0 0 505 23 0 0 0 "RPS8"
"ENSG00000143013" 174 10 0 4 0 0 174 6 0 2 0 0 174 17 0 0 0 "LMO4"
"ENSG00000143106" 318 6 2 0 0 0 318 2 0 0 0 0 318 34 0 0 0 "PSMA5"
"ENSG00000143321" 488 14 0 0 0 0 488 9 0 3 0 0 488 29 4 0 0 "HDGF"
"ENSG00000143612" 334 9 0 0 0 0 334 8 0 3 0 0 334 29 0 0 0 "C1orf43"
"ENSG00000143761" 335 11 2 3 0 0 335 16 0 2 0 0 335 31 0 0 0 "ARF1"
"ENSG00000143933" 769 28 4 3 0 0 769 4 0 0 0 0 769 43 0 0 0 "CALM2"
"ENSG00000143947" 282 5 0 0 0 0 282 5 0 0 0 0 282 73 0 0 0 "RPS27A"
"ENSG00000144381" 799 19 0 0 0 0 799 5 0 0 0 0 799 23 0 0 0 "HSPD1"
"ENSG00000144476" 327 12 0 6 0 0 327 6 0 0 0 0 327 20 0 0 0 "ACKR3"
"ENSG00000144713" 804 17 0 0 0 0 804 8 0 0 0 0 804 57 0 0 2 "RPL32"
"ENSG00000145494" 179 8 0 0 0 0 179 2 0 0 0 0 179 48 2 0 0 "NDUFS6"
"ENSG00000145495" 614 19 0 7 0 0 614 8 0 0 0 0 614 12 0 0 0 "MARCH6"
"ENSG00000145592" 2771 43 0 0 0 0 2771 44 6 0 0 0 2771 381 5 3 3 "RPL37"
"ENSG00000145741" 272 9 0 0 0 0 272 0 0 0 0 0 272 24 0 0 0 "BTF3"
"ENSG00000145907" 827 13 0 0 0 0 827 5 0 0 0 0 827 14 0 0 0 "G3BP1"
"ENSG00000146278" 350 27 4 2 0 0 350 16 0 0 0 0 350 4 0 0 0 "PNRC1"
"ENSG00000146731" 716 15 0 2 0 0 716 7 0 2 0 0 716 36 2 0 0 "CCT6A"
"ENSG00000147123" 153 0 0 0 0 0 153 5 0 0 0 0 153 39 0 0 0 "NDUFB11"
"ENSG00000147677" 277 10 0 0 0 0 277 0 0 0 0 0 277 21 0 0 0 "EIF3H"
"ENSG00000147889" 371 9 0 0 0 0 371 6 0 0 0 0 371 35 0 0 0 "CDKN2A"
"ENSG00000148175" 482 10 0 0 0 0 482 3 0 0 0 0 482 21 0 0 0 "STOM"
"ENSG00000148303" 338 19 0 0 0 0 338 5 0 0 0 0 338 20 0 0 0 "RPL7A"
"ENSG00000148943" 603 13 3 0 0 0 603 5 0 0 0 0 603 15 0 0 0 "LIN7C"
"ENSG00000149273" 855 14 2 2 0 0 855 14 0 0 0 0 855 138 0 0 4 "RPS3"
"ENSG00000149806" 133 10 0 0 0 0 133 0 0 0 0 0 133 52 0 0 0 "FAU"
"ENSG00000150753" 1533 19 0 0 0 0 1533 5 0 0 0 0 1533 12 0 0 0 "CCT5"
"ENSG00000150991" 400 11 2 0 0 0 400 6 0 0 0 0 400 24 0 0 0 "UBC"
"ENSG00000151012" 1084 15 0 0 0 0 1084 0 0 0 0 0 1084 15 0 0 0 "SLC7A11"
"ENSG00000151632" 600 9 0 0 0 0 600 10 3 0 0 0 600 79 3 0 0 "AKR1C2"
"ENSG00000151914" 847 17 0 0 0 0 847 5 0 0 0 0 847 9 0 0 0 "DST"
"ENSG00000152234" 676 8 0 0 0 0 676 9 3 0 0 0 676 22 0 0 0 "ATP5A1"
"ENSG00000152952" 648 15 0 2 0 0 648 5 0 0 0 0 648 21 0 0 0 "PLOD2"
"ENSG00000153187" 688 18 0 0 0 0 688 9 0 0 2 0 688 28 3 0 0 "HNRNPU"
"ENSG00000153250" 268 16 2 3 0 0 268 4 0 0 0 0 268 16 0 0 0 "RBMS1"
"ENSG00000154473" 525 9 0 0 0 0 525 8 0 0 0 0 525 15 0 0 0 "BUB3"
"ENSG00000154518" 348 7 0 0 0 0 348 7 0 2 0 0 348 52 0 0 0 "ATP5G3"
"ENSG00000154582" 148 7 0 3 0 0 148 5 0 0 0 0 148 21 0 0 0 "TCEB1"
"ENSG00000155380" 577 13 0 2 0 0 577 2 0 0 0 0 577 47 3 0 0 "SLC16A1"
"ENSG00000156467" 182 2 0 0 0 0 182 0 0 0 0 0 182 37 0 0 0 "UQCRB"
"ENSG00000158406" 2403 20 0 0 0 0 2403 4 0 0 0 0 2403 17 0 0 0 "HIST1H4H"
"ENSG00000159377" 253 9 0 0 0 0 253 6 0 0 0 0 253 44 0 0 0 "PSMB4"
"ENSG00000161016" 586 14 0 0 0 0 586 14 0 2 0 0 586 110 3 0 0 "RPL8"
"ENSG00000161057" 322 6 0 0 0 0 322 7 0 0 0 0 322 25 0 0 0 "PSMC2"
"ENSG00000161970" 527 3 0 0 0 0 527 5 0 0 0 0 527 258 4 0 0 "RPL26"
"ENSG00000162704" 526 10 0 0 0 2 526 4 0 0 0 0 526 16 0 0 0 "ARPC5"
"ENSG00000162961" 116 3 3 0 0 0 116 8 0 0 0 0 116 19 0 0 0 "DPY30"
"ENSG00000163170" 110 2 0 0 0 0 110 3 2 0 0 0 110 28 0 0 0 "BOLA3"
"ENSG00000163453" 520 10 0 0 0 0 520 2 0 0 0 0 520 19 0 0 0 "IGFBP7"
"ENSG00000163466" 225 7 0 0 0 0 225 7 0 2 0 0 225 21 0 0 0 "ARPC2"
"ENSG00000163527" 851 11 0 0 0 2 851 5 0 0 0 0 851 18 0 0 0 "STT3B"
"ENSG00000163931" 770 11 0 0 0 0 770 3 0 0 0 0 770 17 0 0 2 "TKT"
"ENSG00000164032" 1141 10 0 0 0 0 1141 10 0 0 0 0 1141 41 0 0 2 "H2AFZ"
"ENSG00000164104" 265 14 0 2 0 0 265 3 0 0 0 0 265 15 0 0 0 "HMGB2"
"ENSG00000164111" 657 25 0 2 0 0 657 5 0 0 0 0 657 48 0 0 0 "ANXA5"
"ENSG00000164176" 1158 15 0 0 0 0 1158 4 0 0 0 0 1158 14 0 0 0 "EDIL3"
"ENSG00000164258" 172 2 0 0 0 0 172 10 0 0 0 0 172 20 0 0 0 "NDUFS4"
"ENSG00000164346" 125 4 0 0 0 0 125 6 2 2 0 0 125 29 0 0 0 "NSA2"
"ENSG00000164405" 617 21 0 0 0 0 617 11 0 0 0 0 617 220 2 2 5 "UQCRQ"
"ENSG00000164587" 1120 17 0 0 0 2 1120 15 3 0 0 0 1120 149 0 0 3 "RPS14"
"ENSG00000164919" 190 10 0 0 0 0 190 0 0 0 0 0 190 28 0 0 0 "COX6C"
"ENSG00000165119" 590 15 0 0 0 0 590 9 0 3 0 0 590 20 0 0 2 "HNRNPK"
"ENSG00000165264" 322 6 0 0 0 0 322 5 0 0 0 0 322 22 0 0 0 "NDUFB6"
"ENSG00000165280" 583 16 0 0 0 0 583 7 0 0 0 0 583 30 0 0 0 "VCP"
"ENSG00000165629" 375 9 0 0 0 0 375 0 0 0 0 0 375 30 0 0 0 "ATP5C1"
"ENSG00000165678" 383 7 0 0 0 0 383 3 0 0 0 0 383 30 0 0 0 "GHITM"
"ENSG00000166226" 601 18 4 2 0 0 601 2 0 0 0 0 601 31 0 0 0 "CCT2"
"ENSG00000166441" 253 10 0 0 0 0 253 4 0 0 0 0 253 26 0 0 0 "RPL27A"
"ENSG00000166598" 798 20 0 0 0 0 798 2 0 0 0 0 798 17 0 0 0 "HSP90B1"
"ENSG00000166710" 3253 35 0 2 0 2 3253 16 2 0 0 0 3253 220 3 0 7 "B2M"
"ENSG00000166913" 476 4 0 0 0 0 476 4 0 0 0 0 476 24 2 2 0 "YWHAB"
"ENSG00000167325" 624 9 0 0 0 0 624 5 0 2 0 0 624 16 0 0 0 "RRM1"
"ENSG00000167460" 649 13 0 0 0 0 649 7 0 0 0 0 649 44 0 0 0 "TPM4"
"ENSG00000167526" 325 15 0 0 0 0 325 5 0 0 0 0 325 63 0 0 0 "RPL13"
"ENSG00000167658" 786 11 0 2 0 0 786 6 0 0 0 0 786 18 0 0 0 "EEF2"
"ENSG00000167863" 301 7 2 2 0 0 301 2 0 0 0 0 301 76 3 0 0 "ATP5H"
"ENSG00000168003" 449 15 0 0 0 0 449 3 0 0 0 0 449 19 0 0 0 "SLC3A2"
"ENSG00000168036" 1072 18 2 6 0 0 1072 0 0 0 0 0 1072 19 0 0 0 "CTNNB1"
"ENSG00000168542" 641 9 2 0 0 0 641 0 0 0 0 0 641 22 0 0 0 "COL3A1"
"ENSG00000168615" 878 10 0 0 0 0 878 6 0 0 0 0 878 17 0 0 0 "ADAM9"
"ENSG00000168653" 176 7 0 0 0 0 176 6 0 0 0 0 176 22 3 0 0 "NDUFS5"
"ENSG00000168958" 324 6 0 0 0 0 324 4 2 0 0 0 324 28 0 0 0 "MFF"
"ENSG00000169045" 934 19 2 0 0 0 934 5 0 0 0 0 934 16 0 0 0 "HNRNPH1"
"ENSG00000169714" 522 5 0 0 0 0 522 3 0 0 0 0 522 23 0 0 0 "CNBP"
"ENSG00000169715" 192 8 0 0 0 0 192 3 0 0 0 0 192 35 0 0 0 "MT1E"
"ENSG00000169813" 288 13 4 3 0 0 288 5 0 0 0 0 288 23 0 0 0 "HNRNPF"
"ENSG00000169908" 431 11 0 3 0 0 431 5 0 0 0 0 431 37 0 0 0 "TM4SF1"
"ENSG00000170248" 251 7 3 0 0 0 251 4 0 2 0 0 251 20 0 0 0 "PDCD6IP"
"ENSG00000170312" 683 16 0 0 0 0 683 6 0 0 0 0 683 19 0 0 0 "CDK1"
"ENSG00000170540" 604 18 2 2 0 0 604 3 0 0 0 0 604 9 0 0 0 "ARL6IP1"
"ENSG00000170860" 148 5 0 0 0 0 148 4 0 0 0 0 148 25 0 0 0 "LSM3"
"ENSG00000171858" 1044 28 0 0 0 2 1044 11 2 2 0 0 1044 167 4 0 0 "RPS21"
"ENSG00000172115" 461 10 0 0 0 0 461 6 0 0 0 0 461 66 0 0 0 "CYCS"
"ENSG00000172572" 1212 22 2 2 0 0 1212 4 0 0 0 0 1212 32 0 0 0 "PDE3A"
"ENSG00000172757" 422 8 0 0 0 0 422 0 0 0 0 0 422 86 3 0 0 "CFL1"
"ENSG00000172809" 1543 29 3 6 0 0 1543 15 6 0 0 0 1543 467 3 0 4 "RPL38"
"ENSG00000173660" 262 6 0 0 0 0 262 5 0 0 0 0 262 33 3 0 0 "UQCRH"
"ENSG00000173726" 375 7 0 0 0 0 375 0 0 0 0 0 375 25 0 0 2 "TOMM20"
"ENSG00000173915" 267 0 0 0 0 0 267 8 0 0 0 0 267 51 0 0 0 "USMG5"
"ENSG00000174444" 1142 16 0 0 0 0 1142 7 0 0 0 0 1142 89 3 0 0 "SNORD16"
"ENSG00000174748" 606 10 0 0 0 0 606 4 0 0 0 0 606 61 3 0 0 "RPL15"
"ENSG00000176788" 732 19 4 2 0 0 732 12 0 0 0 0 732 59 0 0 4 "BASP1"
"ENSG00000177410" 230 7 0 0 0 0 230 0 0 0 0 0 230 33 2 0 2 "ZFAS1"
"ENSG00000177600" 185 5 0 0 0 0 185 6 0 0 0 0 185 25 0 0 0 "RPLP2"
"ENSG00000178172" 711 7 0 0 0 0 711 8 0 0 0 0 711 75 0 0 0 "SPINK6"
"ENSG00000178952" 190 2 0 0 0 0 190 4 0 0 0 0 190 25 0 0 0 "TUFM"
"ENSG00000178982" 117 4 0 0 0 0 117 3 0 0 0 0 117 27 0 0 0 "EIF3K"
"ENSG00000180596" 1788 21 2 0 0 0 1788 0 0 0 0 0 1788 16 0 0 2 "HIST1H2BG"
"ENSG00000181019" 635 12 0 0 0 2 635 9 0 0 0 0 635 23 0 0 0 "NQO1"
"ENSG00000181163" 688 8 0 0 0 0 688 5 0 0 0 0 688 28 0 0 0 "NPM1"
"ENSG00000182481" 529 24 5 3 0 0 529 12 0 2 0 0 529 25 0 0 0 "KPNA2"
"ENSG00000182718" 981 12 0 0 0 0 981 19 0 0 3 0 981 106 2 0 5 "ANXA2"
"ENSG00000182899" 1344 48 2 0 0 0 1344 34 4 6 0 0 1344 237 4 0 0 "RPL35A"
"ENSG00000184007" 581 11 0 0 0 0 581 9 2 0 0 0 581 45 3 0 2 "PTP4A2"
"ENSG00000184009" 2046 27 0 0 0 0 2046 24 5 0 0 0 2046 53 2 2 0 "ACTG1"
"ENSG00000184357" 1465 23 0 0 0 2 1465 3 0 0 0 0 1465 17 0 0 0 "HIST1H1B"
"ENSG00000184825" 1600 62 0 0 0 0 1600 3 0 0 0 0 1600 8 0 0 0 "HIST1H2AH"
"ENSG00000184983" 196 3 0 0 0 0 196 7 0 2 0 0 196 28 2 0 0 "NDUFA6"
"ENSG00000186298" 367 8 0 0 0 0 367 11 3 3 0 0 367 29 0 0 0 "PPP1CC"
"ENSG00000186468" 402 6 0 0 0 0 402 5 0 0 0 0 402 113 0 0 0 "RPS23"
"ENSG00000187109" 586 11 0 0 0 0 586 6 0 0 0 0 586 28 3 0 0 "NAP1L1"
"ENSG00000187514" 255 6 0 0 0 0 255 3 0 0 0 0 255 25 2 0 0 "PTMA"
"ENSG00000187837" 1594 52 0 0 0 2 1594 0 0 0 0 0 1594 15 0 0 0 "HIST1H1C"
"ENSG00000187990" 2133 28 0 0 0 2 2133 6 0 0 0 0 2133 18 0 0 0 "HIST1H2BG"
"ENSG00000188243" 204 9 0 0 0 0 204 4 2 0 0 0 204 53 2 0 0 "COMMD6"
"ENSG00000188846" 312 12 0 0 0 0 312 3 0 0 0 0 312 28 0 0 0 "RPL14"
"ENSG00000189043" 659 15 0 3 0 0 659 13 3 0 0 0 659 126 0 0 0 "NDUFA4"
"ENSG00000196139" 711 9 2 0 0 0 711 9 0 0 0 0 711 60 2 0 0 "AKR1C3"
"ENSG00000196154" 456 11 0 0 0 0 456 2 0 0 0 0 456 55 3 0 0 "S100A4"
"ENSG00000196352" 623 22 3 3 2 0 623 3 0 0 0 0 623 15 0 0 0 "CD55"
"ENSG00000196531" 581 9 0 0 0 0 581 8 2 0 0 0 581 68 0 0 0 "NACA"
"ENSG00000196683" 176 7 0 0 0 0 176 6 0 0 0 0 176 35 0 0 0 "TOMM7"
"ENSG00000196787" 2539 20 2 0 0 0 2539 5 0 0 0 0 2539 21 0 0 0 "HIST1H2AI"
"ENSG00000197061" 4770 64 0 0 0 5 4770 71 0 0 0 3 4770 45 2 0 0 "HIST4H4"
"ENSG00000197694" 807 18 2 5 0 0 807 2 0 0 0 0 807 10 0 0 0 "SPTAN1"
"ENSG00000197756" 1426 28 3 0 0 0 1426 14 2 0 0 0 1426 282 0 3 2 "RPL37A"
"ENSG00000197956" 1045 18 0 2 0 0 1045 30 2 0 0 0 1045 151 3 0 0 "S100A6"
"ENSG00000197958" 340 12 0 0 0 0 340 11 0 0 0 0 340 69 0 0 0 "RPL12"
"ENSG00000198034" 616 12 0 0 0 0 616 3 0 0 0 0 616 46 0 0 0 "RPS4X"
"ENSG00000198363" 1650 29 2 0 0 0 1650 15 0 0 0 0 1650 39 2 0 0 "ASPH"
"ENSG00000198431" 1435 45 5 7 0 2 1435 25 5 5 0 0 1435 60 0 2 0 "TXNRD1"
"ENSG00000198467" 400 8 0 0 0 0 400 7 0 0 0 0 400 75 0 0 0 "TPM2"
"ENSG00000198668" 759 23 2 0 0 0 759 12 2 0 2 0 759 52 3 0 0 "CALM1"
"ENSG00000198677" 708 14 0 0 0 0 708 5 0 0 0 0 708 26 0 0 0 "TTC37"
"ENSG00000198755" 362 11 0 0 0 0 362 0 0 0 0 0 362 20 0 0 0 "RPL10A"
"ENSG00000198898" 488 10 0 0 0 0 488 6 0 2 0 0 488 20 0 0 0 "CAPZA2"
"ENSG00000200087" 10825 180 5 0 0 4 10825 10 0 0 0 0 10825 97 7 0 4 "RNU105A"
"ENSG00000202198" 17583 155 3 3 0 5 17583 48 2 3 0 0 17583 205 6 0 7 "RN7SK"
"ENSG00000203813" 1736 12 0 0 0 0 1736 5 0 0 0 0 1736 13 0 0 0 "HIST1H3A"
"ENSG00000204628" 1836 58 0 0 0 0 1836 14 2 2 0 0 1836 262 2 3 5 "GNB2L1"
"ENSG00000205339" 732 18 0 2 0 0 732 3 0 0 0 0 732 18 2 0 0 "IPO7"
"ENSG00000205542" 713 11 2 0 0 0 713 2 0 0 0 0 713 45 3 0 0 "TMSB4X"
"ENSG00000213585" 416 9 0 2 0 0 416 3 0 0 0 0 416 39 2 0 0 "VDAC1"
"ENSG00000213639" 905 15 0 0 0 0 905 5 0 0 0 0 905 24 3 0 0 "PPP1CB"
"ENSG00000213741" 633 17 0 0 0 0 633 6 0 0 0 0 633 133 0 0 2 "RPS29"
"ENSG00000215301" 767 18 0 4 0 0 767 7 0 0 0 0 767 15 0 0 0 "DDX3X"
"ENSG00000234741" 1500 74 0 0 2 2 1500 6 0 2 0 0 1500 36 0 0 0 "GAS5"
"ENSG00000238741" 5858 37 0 0 0 0 5858 11 0 0 0 0 5858 22 0 0 0 "SCARNA7"
"ENSG00000239672" 316 8 0 0 0 0 316 11 3 0 0 0 316 52 0 0 0 "NME1"
"ENSG00000241468" 223 5 0 0 0 0 223 3 0 0 0 0 223 61 0 0 0 "ATP5J2"
"ENSG00000242125" 5991 74 0 0 0 29 5991 15 0 2 0 0 5991 49 0 0 2 "SNHG3"
"ENSG00000249915" 357 9 2 0 0 0 357 5 0 2 0 0 357 28 0 0 0 "PDCD6"
"ENSG00000251562" 5465 86 2 0 0 3 5465 230 0 0 0 0 5465 129 0 0 0 "MALAT1"
"ENSG00000253729" 1193 18 0 3 0 0 1193 4 0 0 0 0 1193 11 0 0 0 "PRKDC"
"ENSG00000255302" 577 14 0 0 0 0 577 4 0 0 0 0 577 22 2 0 0 "EID1"
"ENSG00000255717" 1051 65 3 0 0 0 1051 0 0 0 0 0 1051 16 0 0 0 "SNHG1"
"ENSG00000256018" 1382 15 0 0 0 0 1382 6 0 0 0 0 1382 13 0 0 0 "HIST1H3A"
"ENSG00000256316" 1804 15 0 0 0 0 1804 4 0 0 0 0 1804 12 0 0 0 "HIST1H3A"
"ENSG00000258486" 36085 378 4 0 0 13 36085 86 4 0 0 6 36085 350 8 6 10 "RN7SL1"
"ENSG00000259001" 73153 591 27 20 3 26 73153 116 8 3 0 9 73153 550 21 12 16 "RPPH1"
"ENSG00000260032" 423 15 2 0 4 0 423 7 0 2 0 0 423 9 0 0 0 "LINC00657"
"ENSG00000265150" 17607 219 2 3 0 9 17607 42 0 0 0 2 17607 223 4 0 4 "RN7SL2"
"ENSG00000266658" 1367 24 0 0 0 2 1367 3 0 0 0 0 1367 23 2 0 2 "RNA28S5"
"ENSG00000269900" 102639 841 14 11 0 36 102639 191 2 3 0 18 102639 717 25 6 40 "RMRP"
