"control1"	"control2"	"control3"	"control4"	"control5"	"ckd1"	"ckd2"	"ckd3"	"ckd4"	"ckd5"	"aki1"	"aki2"	"aki3"	"aki5"
"hsa-let-7a-2-3p"	6	10	4	15	0	5	35	19	83	15	11	26	0	13
"hsa-let-7a-3p"	369	514	301	672	676	1022	4043	764	4701	2512	116	266	35	2313
"hsa-let-7a-5p"	811803	563552	495810	717259	1144919	856111	2380038	1010045	3273534	1283579	118080	210817	75364	1074253
"hsa-let-7b-3p"	17306	13936	10604	24245	17133	14482	22345	63024	141821	24496	14962	31749	3433	17796
"hsa-let-7b-5p"	624327	352749	190546	679884	693342	489355	678435	1440852	2228229	660450	105449	169602	51411	548603
"hsa-let-7c-3p"	67	84	42	132	61	50	181	94	507	194	14	60	7	155
"hsa-let-7c-5p"	171525	147115	59702	195062	241689	157709	295754	272662	581881	272990	11133	34354	10468	195157
"hsa-let-7d-3p"	5509	7952	7881	10303	8444	11098	14245	14782	110091	17771	13754	27599	1898	9142
"hsa-let-7d-5p"	56485	37897	29741	52733	66994	58034	107465	66380	284035	80071	11428	17172	6857	61367
"hsa-let-7e-3p"	482	561	246	729	443	745	829	1705	10235	1734	502	1707	58	667
"hsa-let-7e-5p"	95179	61247	41459	118725	128632	71921	140808	180937	556022	104637	11950	19189	6756	57839
"hsa-let-7f-1-3p"	100	58	103	109	99	98	537	181	1461	290	57	57	10	93
"hsa-let-7f-2-3p"	32	71	50	149	108	239	472	138	1133	654	28	104	7	263
"hsa-let-7f-5p"	27209	15330	37695	41216	91766	27548	436528	39011	183877	60850	3822	4593	1959	32743
"hsa-let-7g-3p"	10	10	34	13	23	29	60	17	241	66	40	51	0	24
"hsa-let-7g-5p"	65249	14200	49457	80829	139894	127689	256603	89436	305501	187894	4771	8415	4580	105947
"hsa-let-7i-3p"	88	181	969	829	214	262	1306	489	2794	543	3323	1772	267	816
"hsa-let-7i-5p"	10975	6214	43823	27194	24421	24182	76683	33915	145018	30011	8297	10490	3334	36954
"hsa-miR-100-5p"	9032	15643	19729	32220	14770	24158	90968	35654	101696	38054	12020	31806	2860	30729
"hsa-miR-101-3p"	2635	2413	2618	3275	4190	2401	29102	5556	14714	5967	557	918	311	5783
"hsa-miR-101-5p"	74	70	25	107	97	72	365	125	251	89	7	18	13	109
"hsa-miR-103a-3p"	28723	22515	31710	37452	28378	33459	102963	39507	131384	40297	13396	16907	3907	29991
"hsa-miR-106a-5p"	311	63	50	200	321	268	258	371	1050	506	22	45	0	22
"hsa-miR-106b-3p"	3838	4607	8994	6180	3761	2845	10129	7713	22354	4059	6990	6576	1656	9640
"hsa-miR-106b-5p"	78	70	143	217	146	149	700	270	1161	359	226	195	17	165
"hsa-miR-107"	7454	4351	4117	7046	6879	11017	13007	4904	23848	18443	1291	1570	369	3074
"hsa-miR-10a-3p"	289	193	157	596	554	391	1651	479	3239	664	77	138	14	195
"hsa-miR-10a-5p"	517534	444010	729913	985922	869264	476725	4375534	843551	4441961	786591	123236	277683	45675	534048
"hsa-miR-10b-3p"	241	131	90	296	271	281	875	328	1683	705	49	100	3	98
"hsa-miR-10b-5p"	3170284	2078294	3539557	2081348	2556044	1815414	14283527	1812214	7316359	2404423	145295	461756	119886	1186913
"hsa-miR-1180-3p"	4667	2557	1767	5859	1887	3221	3238	8021	25533	7846	1826	2699	488	2888
"hsa-miR-122-5p"	73	57	2	5	0	6	11	23	82	107	3	0	14	3
"hsa-miR-1226-3p"	116	80	90	147	104	130	136	188	794	288	253	394	21	144
"hsa-miR-1227-3p"	74	63	45	96	73	87	69	163	753	183	118	154	7	106
"hsa-miR-1228-3p"	7	26	9	36	9	9	9	88	101	25	62	37	8	22
"hsa-miR-1229-3p"	70	53	71	143	99	134	67	237	475	200	63	56	14	82
"hsa-miR-1233-3p"	41	22	27	72	44	49	32	125	481	91	21	38	6	37
"hsa-miR-1237-3p"	29	27	31	94	32	39	59	126	398	90	77	98	16	79
"hsa-miR-124-3p"	53	9	20	20	5	24	12	0	30	39	0	0	0	0
"hsa-miR-1246"	138	155	297	296	146	132	806	472	1377	84	458	414	251	323
"hsa-miR-1247-3p"	209	69	28	69	72	74	55	46	740	89	8	229	11	17
"hsa-miR-1247-5p"	729	739	363	1257	499	643	503	840	2976	1998	142	5023	60	371
"hsa-miR-1249-3p"	340	195	250	597	255	187	754	1492	349	535	443	451	125	404
"hsa-miR-1251-5p"	34	31	2	18	35	62	29	0	90	124	0	0	0	3
"hsa-miR-1254"	11	15	13	50	12	29	25	41	448	27	50	35	0	32
"hsa-miR-125a-3p"	504	328	308	921	433	485	553	2062	4279	677	358	474	79	481
"hsa-miR-125a-5p"	267519	362849	175018	572999	318174	393841	519600	1213325	2806863	518810	292601	552343	63430	522356
"hsa-miR-125b-1-3p"	221	269	579	770	229	353	2413	1055	5277	540	1736	1565	155	854
"hsa-miR-125b-2-3p"	5138	7085	5103	8232	4893	5401	13740	11327	35775	9357	2151	4890	829	6814
"hsa-miR-125b-5p"	64349	82675	66989	247600	118961	103007	379531	282143	845917	190026	97539	225677	19457	152739
"hsa-miR-126-3p"	3992	4839	3779	9131	7456	8799	28035	12926	88837	22791	3299	5302	656	15091
"hsa-miR-126-5p"	922	925	1116	2297	2674	1876	47728	4221	15982	7286	1026	971	139	2788
"hsa-miR-1260a"	820	4316	4748	15086	13033	663	10299	31594	52505	24983	34718	13970	790	12546
"hsa-miR-1260b"	8104	3796	4730	13822	11438	8932	10188	27073	49566	21748	36574	13529	4944	12129
"hsa-miR-1262"	22	16	8	13	26	31	72	38	119	32	6	0	4	9
"hsa-miR-1266-5p"	32	23	19	24	14	15	22	72	175	20	15	17	13	27
"hsa-miR-1268a"	224	147	229	509	200	294	211	1124	599	288	231	183	55	238
"hsa-miR-1268b"	226	148	240	521	199	302	216	1186	601	286	236	178	53	238
"hsa-miR-1269a"	2166	236	415	538	3646	167	880	70	4446	444	24	73	89	569
"hsa-miR-1269b"	4	0	977	306	0	124	2368	2152	11	432	218	0	0	157
"hsa-miR-127-3p"	2664	3062	4227	11329	2051	2487	13675	5789	64512	6535	3564	8661	746	9206
"hsa-miR-127-5p"	14	6	21	24	8	7	83	14	150	16	7	25	2	30
"hsa-miR-1270"	131	287	103	277	238	325	267	183	1165	348	16	78	26	121
"hsa-miR-1271-5p"	20	28	26	61	25	30	100	125	301	52	26	42	12	53
"hsa-miR-1273g-3p"	6	5	11	15	9	6	7	29	142	15	28	21	21	0
"hsa-miR-1273h-3p"	10	21	326	183	6	16	136	91	302	24	344	265	37	151
"hsa-miR-1273h-5p"	2	0	50	31	0	6	28	11	49	4	60	56	17	31
"hsa-miR-1275"	187	92	90	282	150	212	215	728	402	245	345	290	71	294
"hsa-miR-128-1-5p"	85	75	179	130	58	75	172	189	378	87	163	133	63	165
"hsa-miR-128-3p"	1032	1223	1075	2019	2742	2725	3767	1383	21030	4625	2554	2328	226	1460
"hsa-miR-1285-3p"	160	115	108	296	145	108	491	226	824	141	220	157	63	272
"hsa-miR-1285-5p"	10	10	19	24	12	17	19	5	189	31	23	33	0	27
"hsa-miR-1287-5p"	15	27	15	44	29	47	110	67	257	92	11	74	3	28
"hsa-miR-129-1-3p"	179	131	106	295	255	114	69	673	3135	329	107	207	14	221
"hsa-miR-129-2-3p"	39	154	73	153	38	85	227	114	527	100	72	1296	12	49
"hsa-miR-129-5p"	436	392	311	570	348	263	222	672	4170	385	46	352	19	367
"hsa-miR-1292-5p"	11	5	4	16	6	22	16	17	113	31	21	30	0	18
"hsa-miR-1295a"	23	18	0	13	18	34	23	62	111	17	10	0	21	10
"hsa-miR-1296-5p"	503	927	268	1069	810	934	1524	1621	7705	1707	507	1758	80	826
"hsa-miR-1299"	0	22	135	82	72	30	49	180	11	777	7	26	6	32
"hsa-miR-1301-3p"	338	169	431	474	247	408	473	546	2700	694	482	510	69	250
"hsa-miR-1303"	130	110	137	179	218	179	71	171	838	432	252	133	18	78
"hsa-miR-1306-3p"	14	17	14	14	9	15	25	29	121	24	5	12	0	9
"hsa-miR-1306-5p"	130	117	62	182	113	126	153	1133	751	351	153	211	49	102
"hsa-miR-1307-3p"	2661	2394	4480	4920	2685	3080	3629	3279	26191	5079	3955	4043	689	2739
"hsa-miR-1307-5p"	165	208	210	291	330	229	356	227	1033	424	195	536	30	167
"hsa-miR-130a-3p"	7507	4944	6822	10527	7469	5141	41306	11255	75608	9489	2457	5491	985	8664
"hsa-miR-130b-3p"	133	219	1048	955	244	181	1354	413	4842	458	1142	686	284	501
"hsa-miR-130b-5p"	158	210	303	655	244	258	771	612	3654	551	807	734	118	913
"hsa-miR-132-3p"	886	2022	7040	9698	2269	2554	18292	5625	36912	4482	8165	4822	584	7330
"hsa-miR-132-5p"	19	45	95	261	75	83	361	99	997	132	76	52	12	110
"hsa-miR-133a-3p"	232	2198	373	1502	607	652	1423	494	8382	2541	255	1952	231	610
"hsa-miR-133b"	2	33	11	30	11	8	60	6	174	32	9	27	3	7
"hsa-miR-134-5p"	287	228	488	676	365	240	1287	453	6737	629	238	659	66	484
"hsa-miR-1343-3p"	29	45	17	80	65	44	66	82	490	88	57	103	3	64
"hsa-miR-135a-5p"	29	18	9	18	131	50	148	2	117	295	0	0	0	5
"hsa-miR-135b-5p"	9	2	5	22	20	6	326	19	78	41	7	11	0	16
"hsa-miR-136-3p"	13	6	28	57	37	19	537	39	665	69	15	34	7	44
"hsa-miR-138-1-3p"	126	146	99	145	81	227	110	91	1043	466	44	28	36	110
"hsa-miR-138-2-3p"	12	17	0	19	17	17	16	5	110	22	0	3	0	3
"hsa-miR-138-5p"	251	112	40	199	117	368	169	108	2245	1142	21	18	0	79
"hsa-miR-139-3p"	243	89	49	312	185	296	79	854	771	331	76	157	7	113
"hsa-miR-139-5p"	3346	3599	1263	4714	3736	4881	4941	7585	24660	9311	2481	5572	371	3392
"hsa-miR-140-3p"	30572	51869	29722	35250	26426	39549	91758	71483	329519	51722	35364	35386	4813	32002
"hsa-miR-140-5p"	37	42	17	74	100	100	278	142	740	230	26	23	8	32
"hsa-miR-141-3p"	155	153	299	505	355	266	1728	674	3057	809	111	586	39	335
"hsa-miR-141-5p"	5	8	4	14	13	14	35	33	113	20	0	20	0	4
"hsa-miR-142-3p"	3	5	16	43	2	8	196	30	75	26	131	116	9	27
"hsa-miR-142-5p"	276	468	10331	5942	1121	589	108319	2635	14018	2515	11504	6706	1038	11888
"hsa-miR-143-3p"	505411	1237947	688630	1036074	594410	641382	4923648	1164152	4268482	1141009	59297	190361	75829	1015895
"hsa-miR-143-5p"	57	87	22	130	60	75	191	145	1364	205	12	92	14	96
"hsa-miR-144-5p"	15	14	32	42	77	25	289	15	62	44	56	7	3	27
"hsa-miR-145-3p"	148	302	205	290	296	362	3539	419	1847	832	63	274	50	577
"hsa-miR-145-5p"	61984	179873	23596	99224	58892	68251	209989	109470	380950	110077	15300	148275	13862	88390
"hsa-miR-1468-5p"	1584	1665	660	1655	1663	3017	1522	2864	7343	4418	333	721	188	1402
"hsa-miR-146a-5p"	369	271	5577	2059	1223	814	16020	798	6947	1376	1865	2236	386	1869
"hsa-miR-146b-3p"	1119	1158	13965	7380	1155	1887	9120	8539	22096	3610	11836	11141	1067	10637
"hsa-miR-146b-5p"	1532	1050	102958	23967	3147	2504	96217	9030	66423	6868	6669	5762	1463	12050
"hsa-miR-148a-3p"	21317	10248	14607	14310	21436	16905	122437	18964	70628	29799	10482	7813	3542	15912
"hsa-miR-148a-5p"	4375	2539	3206	2666	2262	3003	8023	3742	10287	3641	3092	1828	1332	2227
"hsa-miR-148b-3p"	5325	7609	6167	6651	4501	11591	16176	12940	57566	16081	6394	9878	1610	14967
"hsa-miR-148b-5p"	71	82	122	207	191	135	660	160	1339	410	95	139	17	194
"hsa-miR-149-5p"	1763	3422	803	7306	2722	2728	4052	9772	23893	3857	3081	7502	638	6096
"hsa-miR-150-3p"	32	41	235	227	74	60	510	395	597	108	662	731	167	668
"hsa-miR-150-5p"	62201	117194	190893	510684	95987	101505	1135566	460546	598221	112330	637378	759048	263389	2412172
"hsa-miR-151a-3p"	33497	32891	36717	39340	29604	35418	108700	47267	307615	61352	14975	21930	4076	25074
"hsa-miR-151a-5p"	40119	31342	28397	63419	48469	57477	95367	78392	425191	95777	18861	29185	4820	39107
"hsa-miR-151b"	2486	2064	1581	3563	3178	3269	5450	4559	23561	5184	1186	1516	330	2413
"hsa-miR-152-3p"	3211	4227	1585	6114	5053	4826	13777	7016	27605	8554	946	1933	409	3832
"hsa-miR-152-5p"	23	30	32	34	17	36	80	30	274	34	20	32	2	27
"hsa-miR-1538"	20	12	25	44	16	18	43	47	113	23	35	33	12	75
"hsa-miR-155-5p"	947	991	13501	8834	1708	1896	28647	2791	14583	2584	7863	6659	4643	8761
"hsa-miR-15a-5p"	212	212	872	1135	718	493	4970	596	3678	1139	573	498	88	952
"hsa-miR-15b-3p"	14	18	56	67	90	46	457	10	211	66	24	25	2	28
"hsa-miR-15b-5p"	2881	3519	3618	4135	2252	4707	8102	6772	22947	8455	12192	11494	949	7857
"hsa-miR-16-2-3p"	95	101	360	389	381	162	1497	145	862	312	273	162	59	330
"hsa-miR-16-5p"	5184	4511	13824	19285	13967	9830	102913	13085	85815	25528	11783	10029	1069	11729
"hsa-miR-17-3p"	44	62	77	135	101	115	232	140	1588	200	154	168	13	122
"hsa-miR-17-5p"	1033	475	396	902	1241	1169	2349	1605	8207	2370	397	475	35	384
"hsa-miR-181a-2-3p"	18196	16765	7181	20047	11860	12174	23424	79026	98775	14288	3742	12521	2752	31062
"hsa-miR-181a-3p"	6462	6249	10137	8309	5100	5757	19949	11946	26846	8148	5248	5900	2175	9615
"hsa-miR-181a-5p"	364460	442348	819598	482476	320511	383462	863719	810672	2648899	472040	558608	960545	103530	476528
"hsa-miR-181b-5p"	14342	14079	25759	21970	17874	15848	52187	31663	126771	19275	9502	14629	3887	16596
"hsa-miR-181c-3p"	259	628	266	360	303	414	1748	992	3228	423	204	642	29	466
"hsa-miR-181c-5p"	3591	6607	4960	7100	6321	4121	24225	16248	46458	7378	6424	11773	540	6716
"hsa-miR-181d-5p"	248	359	281	350	330	202	1323	916	3699	331	121	302	28	306
"hsa-miR-182-5p"	14659	13389	42741	27962	12078	6460	224166	28014	143340	12879	3666	5991	4700	59540
"hsa-miR-183-3p"	20	15	68	88	29	24	285	115	768	47	53	66	18	149
"hsa-miR-183-5p"	486	668	1636	1721	430	670	6033	2754	23781	1456	816	1197	253	2646
"hsa-miR-184"	1364	380	56	922	427	2880	134	15	565	2408	7	24	3	34
"hsa-miR-185-3p"	11	29	27	26	8	24	44	18	88	20	42	50	6	24
"hsa-miR-185-5p"	170	58	199	214	110	99	423	129	693	202	249	113	5	97
"hsa-miR-186-5p"	5509	6710	9699	15055	7964	10369	41613	10505	114929	22042	11487	14706	1485	10802
"hsa-miR-187-3p"	812	375	84	285	388	1142	479	174	3134	1237	14	106	8	95
"hsa-miR-187-5p"	10	5	5	5	4	11	6	16	69	19	2	3	2	5
"hsa-miR-188-3p"	2	8	7	26	18	28	21	34	134	36	2	9	4	0
"hsa-miR-188-5p"	60	31	10	58	65	54	27	78	381	85	9	17	2	15
"hsa-miR-18a-3p"	97	127	179	286	125	138	294	333	2018	276	479	409	41	306
"hsa-miR-18a-5p"	3	5	20	3	15	4	54	13	69	29	22	21	0	6
"hsa-miR-18b-3p"	8	3	6	22	6	12	2	27	119	17	7	25	2	8
"hsa-miR-1908-3p"	2	4	11	18	5	5	10	70	92	5	27	32	15	16
"hsa-miR-1908-5p"	49	47	63	123	39	38	70	425	339	64	140	82	14	63
"hsa-miR-190a-5p"	24	11	12	39	26	28	25	77	72	211	3	3	0	0
"hsa-miR-190b"	4	23	10	17	10	17	68	15	38	31	0	2	0	17
"hsa-miR-191-3p"	59	86	38	157	82	133	144	125	924	193	123	190	29	211
"hsa-miR-191-5p"	101860	124637	287643	302502	130475	172411	557108	352747	2129539	349858	325692	408499	51209	217005
"hsa-miR-1910-5p"	28	39	71	153	123	59	60	205	813	145	109	163	75	120
"hsa-miR-192-3p"	83	58	55	75	118	237	81	11	475	472	12	0	5	28
"hsa-miR-192-5p"	70883	54641	181875	71994	97789	84987	150939	17457	304337	178530	1728	1483	5447	25711
"hsa-miR-193a-3p"	37	65	24	113	78	67	294	151	514	60	25	40	2	91
"hsa-miR-193a-5p"	7177	5533	3475	11986	5218	5128	7745	23187	22871	6520	3111	3419	817	5104
"hsa-miR-193b-3p"	3786	5564	2976	6318	6738	4045	4806	4478	31335	9514	6825	12384	1188	3610
"hsa-miR-193b-5p"	225	107	75	290	202	138	71	495	630	276	259	226	111	100
"hsa-miR-194-3p"	1825	980	850	1159	1184	1660	380	359	3889	2155	32	28	129	281
"hsa-miR-194-5p"	3756	3242	3580	5800	7534	9855	6625	1333	28818	23918	253	222	166	971
"hsa-miR-195-3p"	404	595	408	436	370	540	1940	665	3447	771	160	336	48	823
"hsa-miR-195-5p"	2655	1929	1028	3040	3167	4117	34461	4143	12212	5918	362	802	202	5503
"hsa-miR-196a-3p"	4	0	18	8	20	3	72	47	38	38	0	14	0	0
"hsa-miR-196a-5p"	7430	6052	2225	8291	11524	7522	21701	8684	26659	16278	310	1119	296	6759
"hsa-miR-196b-5p"	1198	710	687	1063	1878	1519	5338	2603	6785	1784	97	665	78	1295
"hsa-miR-197-3p"	13320	14857	24550	39996	17815	16546	33292	83676	177407	33036	84336	103962	20432	54251
"hsa-miR-197-5p"	5	8	20	35	12	21	12	51	91	19	84	44	14	35
"hsa-miR-1976"	106	114	200	325	159	140	177	353	1488	264	325	227	90	240
"hsa-miR-199a-3p"	9655	6224	7023	15555	19590	14577	152194	19387	101253	31441	2200	10482	784	21180
"hsa-miR-199a-5p"	837	1414	1311	2331	1553	2102	10725	3953	35362	4635	1051	6564	145	2367
"hsa-miR-199b-3p"	9650	6218	7013	15544	19575	14562	152118	19365	101196	31416	2200	10469	784	21158
"hsa-miR-199b-5p"	62	135	134	308	185	140	4795	429	4458	474	63	825	16	471
"hsa-miR-19a-3p"	0	0	2	5	0	0	40	16	36	11	3	2	2	9
"hsa-miR-19b-3p"	150	105	140	203	207	126	2041	247	967	287	71	81	19	253
"hsa-miR-200a-3p"	1024	957	976	2600	2168	1447	5702	3555	15243	3597	447	704	138	2301
"hsa-miR-200a-5p"	433	460	439	628	379	371	935	822	3005	457	183	234	117	623
"hsa-miR-200b-3p"	14208	15868	8387	29780	20989	20014	42631	55721	291192	48632	10713	18846	2068	27158
"hsa-miR-200b-5p"	1012	819	563	1611	992	835	1104	3810	9681	1819	626	1050	195	1320
"hsa-miR-200c-3p"	16953	12764	5567	25731	16241	16178	18500	39610	105077	24722	2759	15384	1017	8270
"hsa-miR-203a-3p"	498	896	438	1207	1276	470	1982	2603	5691	928	211	836	69	715
"hsa-miR-204-3p"	1619	635	325	1179	1548	1434	415	1520	2749	2402	58	240	124	297
"hsa-miR-204-5p"	957631	510765	246296	716811	874099	701528	396848	599851	2145537	1493122	16819	87822	38363	223743
"hsa-miR-205-5p"	171	11265	90	727	176	1953	4156	922	5011	426	859	55292	362	525
"hsa-miR-206"	43	28	0	35	52	12	2	23	94	15	0	0	0	2
"hsa-miR-20a-5p"	784	213	192	487	1101	493	1478	1095	2577	1031	60	75	20	204
"hsa-miR-20b-5p"	576	159	96	409	526	657	491	644	2014	1194	28	52	3	63
"hsa-miR-21-3p"	233	376	7665	2823	329	606	5048	724	4980	374	1702	912	293	818
"hsa-miR-21-5p"	1733	2393	38256	18267	4415	4151	325415	14561	107452	11759	17358	9080	3263	40756
"hsa-miR-210-3p"	1166	1444	610	1933	1225	966	779	2419	4473	999	1631	728	253	343
"hsa-miR-210-5p"	298	361	223	1444	597	384	146	2001	1735	655	1712	654	209	304
"hsa-miR-211-5p"	470	195	86	505	677	293	236	374	1036	791	12	69	23	102
"hsa-miR-2110"	330	224	190	512	336	437	294	1091	1426	729	472	551	84	443
"hsa-miR-2116-3p"	76	68	101	192	63	97	209	339	1564	300	183	174	61	204
"hsa-miR-212-3p"	32	35	451	311	45	74	553	157	2385	131	453	222	14	137
"hsa-miR-212-5p"	16	39	145	180	22	87	231	89	1001	65	158	90	26	134
"hsa-miR-214-3p"	20148	15994	11359	26365	17526	20028	48505	66760	138214	34962	13348	51644	2317	25319
"hsa-miR-214-5p"	124	182	168	403	260	386	1759	461	2818	898	238	707	23	456
"hsa-miR-215-5p"	56	120	302	181	237	207	306	164	2058	529	13	14	56	58
"hsa-miR-216b-5p"	127	27	23	86	10	792	9	10	1139	554	3	0	0	0
"hsa-miR-218-5p"	35	27	27	27	52	70	344	28	358	217	8	16	2	12
"hsa-miR-219a-1-3p"	57	37	88	66	34	33	104	120	376	69	36	52	21	74
"hsa-miR-22-3p"	33062	29981	92997	131492	76086	71563	490545	62957	961495	167670	62503	52267	7830	49091
"hsa-miR-22-5p"	244	181	224	326	344	329	1113	131	1637	502	84	111	28	133
"hsa-miR-221-3p"	10222	9324	20135	25524	16213	20277	38156	20915	107868	28948	11883	17562	1884	19665
"hsa-miR-221-5p"	57	37	105	168	74	176	436	259	1446	173	111	187	19	279
"hsa-miR-222-3p"	12126	11529	16811	20598	11350	15497	27437	22100	175999	24022	23745	44916	1910	20929
"hsa-miR-222-5p"	6	2	8	18	11	15	23	19	105	15	11	0	3	20
"hsa-miR-223-3p"	248	460	3745	2215	661	1158	9969	865	13599	1588	7997	3347	236	3722
"hsa-miR-224-3p"	2	0	3	4	7	5	45	15	118	12	13	17	0	10
"hsa-miR-224-5p"	94	136	344	418	147	134	1823	272	5148	326	253	372	26	649
"hsa-miR-2276-3p"	20	13	12	17	9	22	16	53	254	36	11	24	8	25
"hsa-miR-2277-3p"	10	16	28	52	10	25	57	47	155	23	61	65	6	37
"hsa-miR-2277-5p"	13	11	41	65	24	36	64	58	382	60	54	75	6	48
"hsa-miR-23a-3p"	19333	20998	14479	22991	21548	19674	119955	29805	143479	31723	14101	16377	2634	37911
"hsa-miR-23a-5p"	160	79	115	263	326	343	151	534	388	301	338	118	32	161
"hsa-miR-23b-3p"	50438	86524	46254	68438	59269	85084	203717	69236	692317	120531	33459	141768	5586	92859
"hsa-miR-23b-5p"	86	52	10	84	70	102	97	246	351	127	48	42	16	82
"hsa-miR-23c"	65	85	91	67	73	79	216	117	3401	139	39	113	5	95
"hsa-miR-24-1-5p"	16	31	6	22	28	36	80	51	180	44	7	19	0	22
"hsa-miR-24-2-5p"	40	83	83	163	74	107	576	169	903	98	76	85	28	195
"hsa-miR-24-3p"	4891	4044	3231	6251	6831	6803	27197	10979	36060	11773	3402	3996	504	5914
"hsa-miR-25-3p"	31201	37435	46454	41143	29746	32698	140980	53416	206157	43816	18765	18824	7799	51670
"hsa-miR-25-5p"	118	94	136	363	116	109	260	525	1336	182	424	424	107	358
"hsa-miR-26a-1-3p"	10	16	6	21	15	9	106	11	88	42	4	2	0	9
"hsa-miR-26a-2-3p"	35	49	46	74	83	16	655	29	197	87	0	6	3	19
"hsa-miR-26a-5p"	472674	478732	842518	542839	389886	657803	2634471	567676	3738712	1326444	239532	742651	43413	546256
"hsa-miR-26b-3p"	1221	1214	391	1490	1083	1276	2971	1658	7111	2009	580	910	257	2647
"hsa-miR-26b-5p"	10718	5828	5487	12038	27632	18559	72313	16217	61888	41536	1728	2204	355	9395
"hsa-miR-27a-3p"	2750	4139	5603	8601	5607	6721	33224	10597	54213	11247	8944	8540	873	13218
"hsa-miR-27a-5p"	151	212	180	148	315	368	592	155	384	238	112	47	28	169
"hsa-miR-27b-3p"	81809	110740	111604	159997	149690	195589	552296	245122	972631	262500	43214	118761	12898	194136
"hsa-miR-27b-5p"	1558	1842	686	1397	1267	1724	3909	2635	9102	1846	336	803	230	3080
"hsa-miR-28-3p"	72611	80837	84649	62608	47246	56659	166520	90795	569110	105747	48068	77169	19248	105503
"hsa-miR-28-5p"	2779	3873	3716	8056	4952	5919	14619	6479	47690	10802	3171	4095	1075	8189
"hsa-miR-296-3p"	14	6	0	25	22	9	40	36	105	44	14	20	6	12
"hsa-miR-296-5p"	103	90	60	175	135	145	238	626	419	397	154	183	37	97
"hsa-miR-299-5p"	5	7	28	19	18	22	64	2	309	37	9	49	0	40
"hsa-miR-29a-3p"	3741	5842	6652	14669	9003	9759	37458	9576	108389	25336	10597	8847	1698	10507
"hsa-miR-29a-5p"	6	16	8	13	22	12	72	22	121	27	11	24	0	25
"hsa-miR-29b-1-5p"	189	53	103	224	140	107	289	114	249	242	37	40	18	180
"hsa-miR-29b-2-5p"	209	118	84	184	147	244	205	235	1100	529	99	134	17	106
"hsa-miR-29b-3p"	12	18	33	99	90	26	789	54	280	163	58	22	4	64
"hsa-miR-29c-3p"	193	179	200	563	629	240	3783	470	3419	1050	258	157	22	275
"hsa-miR-29c-5p"	604	368	213	325	321	517	653	269	1276	1388	233	413	48	341
"hsa-miR-301a-3p"	5	10	17	29	8	9	106	48	252	40	28	26	6	22
"hsa-miR-301b-3p"	5	3	0	5	2	5	31	15	137	18	16	7	0	19
"hsa-miR-3064-5p"	12	12	6	22	5	21	15	17	44	22	4	4	0	11
"hsa-miR-3065-3p"	87	69	49	221	157	180	39	15	287	431	8	15	0	21
"hsa-miR-3065-5p"	9	6	6	44	30	16	21	5	47	102	3	3	0	0
"hsa-miR-3074-5p"	25	22	43	35	41	53	55	43	192	127	65	28	7	25
"hsa-miR-30a-3p"	98324	71975	29967	62160	74111	87118	101322	111582	369839	138639	7934	12086	4110	70585
"hsa-miR-30a-5p"	104704	89941	126328	102512	83847	73123	184146	146992	1001826	203036	36948	50936	5950	62090
"hsa-miR-30b-3p"	872	366	148	759	668	602	339	1343	3520	1044	158	135	33	291
"hsa-miR-30b-5p"	31896	18103	13355	29566	30711	33591	100149	26911	156425	66252	6828	8621	1984	28084
"hsa-miR-30c-1-3p"	309	248	150	496	416	273	267	630	2865	495	229	205	52	230
"hsa-miR-30c-2-3p"	11922	7754	5630	9725	9168	7297	9492	11954	39752	9425	1589	2089	1191	7892
"hsa-miR-30c-5p"	192125	217605	81270	270088	167363	339581	251181	485726	2261084	706938	121505	169697	24777	246912
"hsa-miR-30d-3p"	80	85	81	207	260	199	745	225	1499	458	29	38	2	145
"hsa-miR-30d-5p"	107288	109669	122269	173173	174191	180650	225194	188847	1731008	405209	116586	195028	12703	101437
"hsa-miR-30e-3p"	11779	9731	4345	7095	6710	9991	15424	13768	45941	15724	1472	2285	662	8851
"hsa-miR-30e-5p"	2073	2060	2863	4240	3709	3518	6844	4983	43855	9008	3253	4295	186	1803
"hsa-miR-31-3p"	19	11	16	21	15	15	240	34	102	16	5	4	0	66
"hsa-miR-31-5p"	1861	2157	2040	4936	1889	2642	8611	8309	25406	3452	1913	7270	256	8645
"hsa-miR-3117-3p"	23	9	7	8	0	17	164	66	183	27	0	13	2	15
"hsa-miR-3127-5p"	69	51	70	143	47	36	90	296	313	67	38	109	22	82
"hsa-miR-3129-3p"	17	13	32	58	33	16	53	29	185	0	13	46	3	30
"hsa-miR-3154"	25	27	2	76	37	9	35	341	239	22	21	62	8	19
"hsa-miR-3157-3p"	2	3	6	4	0	6	23	12	54	23	10	13	0	0
"hsa-miR-3158-3p"	101	168	222	247	105	91	207	395	966	144	305	174	33	172
"hsa-miR-3173-5p"	19	20	28	34	31	18	34	63	301	34	93	118	6	74
"hsa-miR-3177-3p"	14	11	41	69	15	18	36	153	185	46	80	57	6	58
"hsa-miR-3187-3p"	13	9	22	18	14	12	24	40	129	26	24	44	2	17
"hsa-miR-3188"	27	0	28	46	46	24	16	74	120	11	31	11	0	36
"hsa-miR-3195"	26	536	0	157	255	185	791	941	755	289	2651	600	592	348
"hsa-miR-3196"	33	34	20	92	34	46	34	221	179	54	68	36	54	52
"hsa-miR-32-3p"	4	3	0	7	14	16	47	32	8	44	0	0	0	14
"hsa-miR-32-5p"	0	3	4	4	5	2	97	11	21	30	7	0	0	5
"hsa-miR-3200-3p"	76	75	90	136	88	184	113	105	795	326	129	143	12	138
"hsa-miR-320a"	34158	36168	42386	86495	52704	40211	71432	160213	364685	60472	73158	70362	21451	71391
"hsa-miR-320b"	1654	1645	1934	4338	2250	1577	3596	10103	22788	2271	3637	3877	1427	4237
"hsa-miR-320c"	839	550	482	1787	955	645	1068	4864	10620	1170	1154	1292	267	1267
"hsa-miR-320d"	454	315	237	766	472	334	643	1881	4537	559	318	439	65	510
"hsa-miR-320e"	16	3	4	24	18	11	37	53	130	28	6	0	3	23
"hsa-miR-323a-3p"	197	81	93	207	55	85	282	163	4375	104	102	239	86	259
"hsa-miR-323b-3p"	195	60	67	147	22	35	142	133	1809	69	119	196	47	122
"hsa-miR-324-3p"	441	596	452	774	500	848	1030	645	4090	1089	721	1122	94	640
"hsa-miR-324-5p"	253	202	411	337	234	417	1009	162	3270	795	636	867	36	168
"hsa-miR-326"	326	687	1216	1280	470	406	2395	1021	4518	510	1601	3625	307	1628
"hsa-miR-328-3p"	3062	3081	2204	6040	4503	4993	5360	9414	29729	10136	4369	6767	770	4251
"hsa-miR-329-3p"	16	16	19	24	12	18	105	28	559	47	17	77	7	79
"hsa-miR-330-3p"	111	110	197	288	150	192	637	627	1906	414	746	785	90	421
"hsa-miR-330-5p"	18	24	52	92	18	38	188	63	346	45	145	140	14	59
"hsa-miR-331-3p"	1670	2059	1388	2972	2148	2132	6536	3517	17646	4738	4712	8389	628	2526
"hsa-miR-331-5p"	11	7	29	28	14	22	42	15	279	42	27	33	0	15
"hsa-miR-335-3p"	236	306	366	413	393	419	5942	329	10113	2022	230	764	106	1098
"hsa-miR-335-5p"	13	10	14	25	33	19	818	46	343	66	16	24	6	75
"hsa-miR-337-3p"	33	40	46	54	45	21	386	39	854	72	7	73	3	96
"hsa-miR-337-5p"	10	10	12	8	9	4	42	19	67	26	0	5	0	23
"hsa-miR-338-3p"	70	47	105	190	350	233	246	83	1190	535	55	46	14	48
"hsa-miR-338-5p"	224	90	50	111	329	114	176	80	266	191	68	9	7	33
"hsa-miR-339-3p"	1282	1160	1217	1870	969	1436	5849	2045	6220	1932	1836	1988	488	2406
"hsa-miR-339-5p"	473	662	809	1311	575	734	2478	1154	8208	1560	2409	2475	269	1448
"hsa-miR-33b-3p"	2	0	19	24	8	9	12	12	23	15	76	27	7	9
"hsa-miR-340-3p"	39	22	68	80	41	70	264	50	499	128	64	86	5	136
"hsa-miR-340-5p"	140	91	204	123	77	96	714	154	504	234	114	86	29	182
"hsa-miR-342-3p"	11218	9807	19491	30537	10790	11851	75768	45373	120999	17346	60937	41033	15244	49203
"hsa-miR-342-5p"	277	170	340	686	280	270	1279	1191	1877	431	875	920	308	1144
"hsa-miR-345-5p"	644	751	1019	1505	944	1738	2249	1532	13013	3148	1432	1967	149	1100
"hsa-miR-346"	18	19	9	38	4	28	43	58	129	44	23	67	3	7
"hsa-miR-34a-5p"	280	202	371	691	620	424	1770	585	2461	1061	151	138	10	556
"hsa-miR-34b-3p"	11	29	49	90	28	21	555	161	389	52	158	261	46	213
"hsa-miR-34c-3p"	0	7	31	21	8	10	259	28	132	0	54	41	15	40
"hsa-miR-34c-5p"	5	7	13	27	11	7	568	22	218	20	11	28	3	38
"hsa-miR-3605-3p"	371	427	438	1384	395	524	624	2266	10069	1084	798	1426	425	1242
"hsa-miR-3605-5p"	44	73	85	117	57	64	215	160	904	118	93	104	34	150
"hsa-miR-3607-3p"	711	270	168	402	458	391	437	578	5498	762	331	329	47	563
"hsa-miR-3609"	8	14	14	11	7	11	15	62	134	11	27	31	8	7
"hsa-miR-361-3p"	1913	2037	4291	7152	2577	3366	9945	5805	29387	6593	10267	13160	1665	5848
"hsa-miR-361-5p"	5348	3600	2720	4930	3970	5902	9923	5620	31261	12292	2099	4822	378	2922
"hsa-miR-3613-3p"	40	30	49	76	35	33	225	76	280	76	147	124	19	38
"hsa-miR-3614-5p"	4	8	307	77	0	13	40	18	112	19	132	84	9	43
"hsa-miR-3615"	968	2444	2310	3062	2096	2206	3042	4237	13937	1679	4351	4215	622	3837
"hsa-miR-362-5p"	4025	3015	1206	1504	1674	3705	1590	1687	8476	6984	326	487	33	727
"hsa-miR-3620-3p"	77	61	63	122	100	73	152	248	582	170	131	125	36	86
"hsa-miR-3622a-5p"	31	84	17	84	64	46	72	264	190	41	32	81	11	26
"hsa-miR-363-3p"	1701	1293	1620	3085	2148	4023	4158	3151	24538	7534	1675	2508	109	1165
"hsa-miR-3651"	16	34	17	51	11	16	42	32	98	20	49	60	24	39
"hsa-miR-3653-3p"	150	78	22	60	72	50	76	81	547	114	136	97	20	187
"hsa-miR-3656"	77	747	30	767	763	507	1013	3715	479	338	1390	314	706	314
"hsa-miR-365a-3p"	1268	1261	875	1860	1408	1132	3145	1695	10041	2775	1014	1784	324	851
"hsa-miR-365a-5p"	52	19	24	109	47	48	25	123	179	75	69	127	42	34
"hsa-miR-365b-3p"	1268	1261	875	1860	1408	1132	3145	1695	10041	2775	1014	1784	324	851
"hsa-miR-365b-5p"	24	51	48	118	35	28	77	304	226	64	100	178	32	103
"hsa-miR-3661"	23	5	18	22	7	20	36	15	109	36	7	19	5	13
"hsa-miR-3679-5p"	22	6	9	23	21	7	19	71	185	33	56	45	6	13
"hsa-miR-369-5p"	64	69	74	214	88	94	431	180	2510	242	82	211	23	269
"hsa-miR-3690"	14	2	26	19	5	4	32	20	314	2	306	46	9	30
"hsa-miR-370-3p"	27	38	72	81	37	30	208	81	985	31	67	129	17	99
"hsa-miR-370-5p"	3	6	25	10	2	0	37	12	74	12	4	4	0	17
"hsa-miR-371b-5p"	0	6	9	25	5	8	27	8	119	2	65	24	4	27
"hsa-miR-374a-5p"	23	54	39	131	100	94	541	116	821	199	33	32	0	44
"hsa-miR-374b-5p"	527	394	417	639	846	786	2775	404	3994	1949	188	135	21	279
"hsa-miR-375"	3914	696	3519	3170	1233	840	15640	8086	9869	3022	2911	3495	3274	30598
"hsa-miR-376a-5p"	6	6	8	28	7	7	89	12	290	21	3	14	0	34
"hsa-miR-377-5p"	73	48	58	77	37	59	228	117	996	74	73	246	20	140
"hsa-miR-378a-3p"	71003	79736	74730	59205	56545	113614	55297	27053	294325	210754	35109	34657	7156	36443
"hsa-miR-378a-5p"	605	602	487	859	671	1070	761	479	3537	2247	505	856	63	370
"hsa-miR-378b"	9	0	9	8	8	20	11	5	124	36	3	6	2	6
"hsa-miR-378d"	186	208	201	243	173	399	174	114	1618	864	179	144	30	125
"hsa-miR-378f"	56	89	84	65	46	128	84	23	963	267	34	36	15	30
"hsa-miR-378g"	55	67	68	45	57	103	63	35	264	172	36	43	7	35
"hsa-miR-378i"	915	824	1140	868	695	1366	693	356	5382	2135	514	460	101	482
"hsa-miR-379-3p"	7	2	6	15	0	12	38	12	302	21	7	9	0	23
"hsa-miR-379-5p"	14	11	4	30	21	10	96	5	187	29	6	3	0	4
"hsa-miR-381-3p"	250	208	555	455	191	151	1203	273	5514	319	120	239	35	312
"hsa-miR-382-5p"	120	42	63	182	76	78	417	104	1413	101	7	55	8	156
"hsa-miR-3909"	117	122	127	248	173	209	382	196	2101	354	216	295	16	158
"hsa-miR-3913-5p"	15	4	0	5	6	8	69	15	59	13	0	5	2	14
"hsa-miR-3917"	24	14	17	50	14	6	49	115	72	23	2	31	0	37
"hsa-miR-3928-3p"	18	27	42	81	33	18	72	54	433	61	86	90	11	52
"hsa-miR-3934-5p"	17	10	48	39	8	7	54	37	98	19	57	40	7	26
"hsa-miR-3937"	9	22	2	23	23	22	7	56	76	22	3	10	0	13
"hsa-miR-3940-3p"	6	12	24	36	2	9	38	25	283	23	49	75	6	18
"hsa-miR-3960"	82	0	0	278	266	123	0	1592	326	13	0	0	551	33
"hsa-miR-409-3p"	3694	2078	8236	5162	1429	1273	12236	3157	77333	2549	3057	5171	1204	6810
"hsa-miR-410-3p"	418	340	607	548	156	330	2136	672	10069	542	418	1125	109	1078
"hsa-miR-411-3p"	15	9	17	15	14	7	104	3	371	26	5	10	0	14
"hsa-miR-411-5p"	169	132	447	480	252	183	2646	316	5152	513	98	257	21	467
"hsa-miR-421"	288	167	528	529	349	434	1468	302	2992	797	162	200	48	216
"hsa-miR-423-3p"	24898	33836	27018	87542	44161	60373	57278	110335	341938	55636	44990	70232	8149	53938
"hsa-miR-423-5p"	16542	13534	23059	51573	21947	20169	23527	108199	233026	34801	70110	70296	18528	53744
"hsa-miR-424-3p"	1943	947	1500	2623	1075	2379	1305	2363	13329	3461	1570	1321	218	1038
"hsa-miR-424-5p"	82	71	141	175	226	86	781	114	1628	402	34	62	5	62
"hsa-miR-425-3p"	225	282	333	517	369	516	819	455	3642	949	480	707	99	336
"hsa-miR-425-5p"	1561	2147	2875	4347	1958	2794	7727	2801	29208	6404	7909	5679	725	2880
"hsa-miR-4286"	548	675	486	1267	892	698	1084	1100	5006	2024	4138	2737	487	1225
"hsa-miR-429"	104	93	173	325	351	184	2482	310	2976	613	82	100	11	278
"hsa-miR-431-3p"	21	7	25	22	9	15	62	17	343	9	8	64	0	23
"hsa-miR-431-5p"	7	10	84	38	5	13	87	30	1081	24	93	91	16	48
"hsa-miR-432-5p"	544	222	580	1043	338	207	1451	866	11436	290	219	618	217	1094
"hsa-miR-4326"	40	14	26	57	23	51	88	15	350	45	105	101	13	48
"hsa-miR-433-3p"	186	68	109	311	99	123	322	354	2686	229	129	565	35	258
"hsa-miR-4417"	16	16	51	24	13	7	12	16	16	5	0	6	10	8
"hsa-miR-4423-5p"	22	3	9	80	8	9	101	32	53	32	8	3	0	24
"hsa-miR-4433b-5p"	8	10	2	15	13	15	6	56	36	16	213	3	0	5
"hsa-miR-4443"	34	18	52	113	0	28	83	287	56	23	51	35	10	34
"hsa-miR-4446-3p"	28	13	73	82	21	8	77	90	135	17	81	110	74	90
"hsa-miR-4454"	112	444	52	978	653	433	118	2231	677	574	143	187	68	393
"hsa-miR-4461"	72	7	70	83	295	96	74	440	1044	160	3	10	5	42
"hsa-miR-4478"	40	22	52	75	35	33	68	113	259	56	49	58	2	48
"hsa-miR-4482-3p"	7	16	23	51	0	13	0	51	31	63	0	0	0	0
"hsa-miR-4484"	9	8	4	11	11	13	20	5	118	30	3	4	0	4
"hsa-miR-4485-3p"	31	27	12	33	13	61	51	25	206	24	12	22	10	54
"hsa-miR-4485-5p"	34	15	0	11	27	49	7	140	63	46	11	7	0	30
"hsa-miR-4488"	29	56	12	56	49	38	44	322	140	29	101	56	90	39
"hsa-miR-4492"	24	215	0	172	104	111	1287	1333	133	135	2599	426	559	333
"hsa-miR-4497"	8	0	0	0	6	7	38	28	58	14	31	0	18	0
"hsa-miR-449c-5p"	0	5	29	60	2	18	193	4	33	17	3	0	18	10
"hsa-miR-4508"	17	54	10	87	45	35	443	372	86	56	1268	151	182	132
"hsa-miR-450a-5p"	5	9	8	24	19	30	258	33	175	126	14	7	2	31
"hsa-miR-450b-5p"	3	3	6	7	3	13	96	11	52	37	7	8	0	11
"hsa-miR-4516"	73	84	43	149	68	37	160	189	342	66	498	113	158	176
"hsa-miR-451a"	3888	8505	10417	9781	14310	7400	31319	3689	23154	15163	16269	5085	574	3498
"hsa-miR-452-5p"	79	70	117	208	110	90	1327	207	1446	211	82	98	24	282
"hsa-miR-4524a-3p"	24	13	12	19	24	14	22	11	29	42	11	4	0	8
"hsa-miR-4532"	367	2093	739	5353	2874	1935	21630	7587	12812	1596	13573	4077	1636	2912
"hsa-miR-454-3p"	60	29	54	82	78	53	643	106	572	143	27	46	5	68
"hsa-miR-454-5p"	42	80	106	160	90	74	325	65	1054	108	42	69	19	175
"hsa-miR-455-3p"	8950	3385	2216	10976	2788	4514	6961	28370	29601	6600	3111	6757	1461	8261
"hsa-miR-455-5p"	36	51	32	82	79	86	282	106	713	175	10	49	2	57
"hsa-miR-4632-3p"	3	4	4	7	6	4	11	29	38	10	14	16	0	17
"hsa-miR-4636"	11	17	7	24	12	8	46	7	99	27	9	4	0	9
"hsa-miR-4640-3p"	25	18	26	73	30	11	34	109	306	29	51	65	18	48
"hsa-miR-4646-3p"	18	9	14	39	22	13	11	43	176	49	31	77	4	32
"hsa-miR-4661-5p"	69	41	67	60	51	30	64	87	378	50	23	25	15	124
"hsa-miR-4662a-5p"	31	19	30	23	60	58	86	23	354	217	14	5	8	55
"hsa-miR-4677-3p"	30	35	118	57	33	26	255	42	166	37	24	13	13	58
"hsa-miR-4685-3p"	54	54	58	81	61	38	79	131	471	100	131	119	17	70
"hsa-miR-4687-5p"	8	17	48	47	24	5	29	78	117	24	82	93	12	49
"hsa-miR-4695-3p"	20	17	3	18	25	25	17	24	104	88	0	11	6	9
"hsa-miR-4709-5p"	7	5	15	15	12	16	18	6	36	29	2	9	0	11
"hsa-miR-4728-3p"	240	174	47	270	312	221	153	705	1176	488	75	230	33	198
"hsa-miR-4728-5p"	17	8	0	18	25	12	9	111	82	29	6	15	3	7
"hsa-miR-4732-3p"	126	103	132	170	168	66	68	171	750	84	485	121	35	82
"hsa-miR-4732-5p"	14	5	16	12	16	3	3	9	48	4	23	3	5	2
"hsa-miR-4738-3p"	0	3	2	6	2	12	10	30	45	11	8	10	0	6
"hsa-miR-4742-3p"	13	25	17	32	21	40	54	43	257	63	43	63	18	45
"hsa-miR-4749-3p"	29	19	9	48	25	21	14	113	74	33	16	39	0	17
"hsa-miR-4750-5p"	21	9	4	23	16	29	12	58	115	45	9	22	0	18
"hsa-miR-4758-3p"	6	5	20	31	13	12	4	43	118	35	54	47	20	21
"hsa-miR-4767"	9	7	21	35	7	14	23	42	140	34	106	39	13	36
"hsa-miR-4768-5p"	35	22	40	71	21	51	87	62	295	83	16	27	4	54
"hsa-miR-4781-3p"	37	50	73	90	29	41	167	65	692	86	93	112	22	122
"hsa-miR-4785"	0	0	5	12	0	0	12	2	28	0	11	11	0	11
"hsa-miR-4787-3p"	17	26	20	93	28	25	34	145	212	44	59	63	7	45
"hsa-miR-4800-3p"	87	69	72	166	70	92	89	389	422	180	109	111	38	104
"hsa-miR-483-3p"	229	251	28	1070	393	151	110	2345	1514	498	124	4206	722	179
"hsa-miR-483-5p"	356	253	36	1571	549	185	54	4032	2545	422	105	3278	287	137
"hsa-miR-484"	3668	3305	3868	9836	6556	6845	7654	9233	31231	9615	8341	6187	1171	6461
"hsa-miR-485-3p"	445	224	285	569	204	208	972	545	10791	466	550	1502	144	854
"hsa-miR-485-5p"	134	54	100	374	77	85	217	305	2295	130	133	415	56	431
"hsa-miR-486-3p"	162	231	338	483	343	148	386	468	535	258	1797	483	127	240
"hsa-miR-486-5p"	608267	633882	1392053	677896	537333	251214	455778	1073510	746346	364658	2630385	572401	319248	292782
"hsa-miR-487a-5p"	6	6	7	7	7	11	39	18	134	35	12	40	0	28
"hsa-miR-487b-3p"	126	55	49	196	69	74	587	171	3153	217	67	152	17	279
"hsa-miR-489-3p"	469	129	103	737	592	667	1016	672	4767	2342	287	111	48	629
"hsa-miR-491-5p"	15	28	5	25	8	13	21	30	163	30	31	33	6	18
"hsa-miR-493-3p"	5	0	25	39	8	6	65	19	502	13	4	44	0	23
"hsa-miR-493-5p"	345	131	152	278	145	194	1040	341	2421	308	49	203	35	479
"hsa-miR-495-3p"	21	8	19	26	17	16	325	33	452	37	10	14	0	82
"hsa-miR-497-5p"	1595	2389	864	2816	1873	3541	13264	4780	24279	6069	758	1947	225	4567
"hsa-miR-5001-3p"	4	4	17	20	8	2	36	8	85	17	41	11	5	16
"hsa-miR-5006-3p"	9	16	6	18	16	16	17	14	143	41	17	11	4	3
"hsa-miR-500a-3p"	17499	15043	16313	35205	29671	22144	22028	51487	127449	22944	8163	13651	1376	13127
"hsa-miR-500a-5p"	201	144	125	202	227	253	299	337	1591	513	145	128	3	53
"hsa-miR-500b-5p"	43	29	37	52	53	58	84	74	440	120	17	26	0	11
"hsa-miR-501-3p"	1099	869	1369	3116	1620	1985	1539	6151	15178	537	1151	1602	198	1186
"hsa-miR-501-5p"	441	412	359	413	365	449	787	406	2666	608	126	263	21	210
"hsa-miR-5010-3p"	128	110	79	174	121	152	182	224	1327	480	204	208	25	93
"hsa-miR-5010-5p"	2	4	11	26	14	9	8	41	89	12	43	45	15	29
"hsa-miR-502-3p"	1530	1040	973	3838	3313	2445	1857	3735	21231	4168	1479	2395	181	1777
"hsa-miR-502-5p"	75	46	24	57	74	103	69	66	282	189	14	17	0	24
"hsa-miR-503-3p"	14	8	17	16	5	19	8	27	76	26	38	18	5	17
"hsa-miR-503-5p"	65	36	86	165	84	128	137	134	962	137	70	54	12	54
"hsa-miR-504-5p"	417	727	273	1577	818	830	1121	3458	9850	1768	419	4537	186	2237
"hsa-miR-505-3p"	553	812	508	981	593	1117	2442	1048	6923	1631	795	1421	219	1528
"hsa-miR-505-5p"	199	91	85	250	163	176	197	333	816	274	142	193	58	282
"hsa-miR-506-3p"	14	16	75	176	2	66	109	26	1568	35	11	0	0	70
"hsa-miR-508-3p"	209	126	1155	827	129	794	1352	152	15853	900	37	9	14	580
"hsa-miR-508-5p"	24	25	165	355	31	153	87	61	6842	149	55	8	2	110
"hsa-miR-509-3-5p"	4	12	30	105	16	45	50	27	2971	135	15	6	0	34
"hsa-miR-509-3p"	391	448	3976	5156	464	1673	3880	532	70563	1770	603	95	170	2697
"hsa-miR-509-5p"	4	3	17	81	4	24	72	9	576	34	5	0	0	22
"hsa-miR-510-5p"	7	0	11	45	3	24	24	4	474	30	4	0	0	8
"hsa-miR-511-5p"	38	52	386	277	74	71	712	158	963	109	327	437	67	589
"hsa-miR-513a-5p"	24	3	64	167	19	54	65	13	1939	69	16	2	0	19
"hsa-miR-513b-5p"	10	0	15	39	0	13	21	5	566	34	9	0	0	4
"hsa-miR-513c-5p"	61	17	118	315	23	143	199	32	3433	135	36	17	7	107
"hsa-miR-514a-3p"	5	9	64	94	11	56	181	7	2038	115	8	0	0	37
"hsa-miR-514b-5p"	11	3	28	42	3	41	16	0	522	37	4	0	0	9
"hsa-miR-5187-5p"	3	6	3	15	8	15	3	27	52	20	14	5	0	11
"hsa-miR-5193"	20	22	27	59	17	17	38	134	227	53	71	83	10	26
"hsa-miR-532-3p"	4846	5081	2043	5705	4442	4694	5435	10158	37001	8633	3283	6232	384	4824
"hsa-miR-532-5p"	11011	6333	6943	9518	9869	8930	15855	10302	53649	10875	1917	2936	340	4995
"hsa-miR-542-3p"	11	5	7	7	17	5	89	42	83	23	4	4	0	12
"hsa-miR-542-5p"	35	22	16	33	29	42	49	62	253	69	41	55	3	30
"hsa-miR-543"	20	18	37	92	19	23	140	38	1074	75	107	111	10	134
"hsa-miR-548ah-3p"	6	4	7	10	7	40	16	4	116	74	0	0	0	4
"hsa-miR-548k"	6	19	23	73	40	29	206	22	166	51	5	20	4	47
"hsa-miR-548o-3p"	31	27	37	50	50	50	123	87	487	106	22	21	5	81
"hsa-miR-548p"	5	3	7	9	4	33	12	4	90	65	0	0	0	2
"hsa-miR-548q"	16	10	5	16	18	8	28	15	86	20	3	9	0	4
"hsa-miR-550a-3-5p"	19	14	10	23	16	9	15	25	85	24	20	19	6	7
"hsa-miR-550a-3p"	139	176	188	499	164	157	229	614	1151	213	540	304	59	336
"hsa-miR-550a-5p"	32	26	33	72	25	33	49	48	290	46	125	53	10	45
"hsa-miR-5581-3p"	0	5	8	8	7	7	16	18	83	17	13	18	0	8
"hsa-miR-5588-3p"	28	20	2	28	16	41	21	11	369	73	3	11	4	8
"hsa-miR-5588-5p"	108	66	38	88	104	132	33	52	1131	148	7	2	0	55
"hsa-miR-5690"	15	22	243	93	27	17	86	12	211	26	104	118	21	61
"hsa-miR-5701"	0	539	142	0	687	0	0	1316	9107	145	2747	2041	0	2091
"hsa-miR-574-3p"	8595	9767	6681	20498	11577	10417	33061	44224	164260	28910	37111	47425	3449	17017
"hsa-miR-574-5p"	3194	2963	1600	4274	2841	1858	5995	10005	11565	3147	1927	2211	591	4514
"hsa-miR-576-5p"	92	125	282	206	162	136	784	154	2141	458	209	366	35	388
"hsa-miR-577"	115	43	49	182	217	56	472	272	606	156	3	6	2	71
"hsa-miR-582-3p"	103	89	50	61	88	124	135	79	287	114	0	0	2	11
"hsa-miR-582-5p"	57	53	38	87	116	106	381	91	621	374	32	83	2	84
"hsa-miR-584-5p"	30	75	83	94	69	89	143	57	473	95	127	110	27	83
"hsa-miR-585-3p"	25	18	37	64	98	21	129	47	457	55	20	56	4	20
"hsa-miR-589-3p"	97	165	106	315	121	126	297	343	588	123	85	136	43	205
"hsa-miR-589-5p"	397	528	864	946	576	646	1407	1019	3754	845	957	1048	156	637
"hsa-miR-598-3p"	49	73	139	71	83	75	824	77	306	227	30	66	15	156
"hsa-miR-605-5p"	13	36	4	19	4	21	43	84	143	31	8	27	2	44
"hsa-miR-6087"	13	39	4	30	15	21	60	123	27	31	148	24	63	12
"hsa-miR-615-3p"	2312	1154	1003	3445	2154	3582	4649	4536	20635	3818	1751	5799	423	3233
"hsa-miR-616-5p"	37	38	42	113	62	60	137	57	702	109	115	125	3	93
"hsa-miR-618"	62	34	43	96	70	64	167	53	294	32	181	144	28	105
"hsa-miR-619-5p"	0	13	5	43	0	32	39	57	129	36	0	35	12	14
"hsa-miR-625-3p"	184	141	966	603	208	157	576	789	2857	451	2328	1307	316	481
"hsa-miR-625-5p"	22	18	87	99	45	38	116	91	231	56	169	88	31	72
"hsa-miR-628-3p"	72	59	37	119	80	110	222	108	389	204	38	44	10	89
"hsa-miR-628-5p"	23	40	14	83	88	80	324	84	384	155	13	8	4	54
"hsa-miR-629-3p"	37	49	53	74	35	26	173	169	379	50	268	198	56	106
"hsa-miR-629-5p"	104	40	126	160	134	58	272	164	382	45	52	19	14	65
"hsa-miR-636"	5	7	5	24	24	17	13	25	104	40	36	25	9	4
"hsa-miR-641"	17	37	39	86	39	76	101	103	546	123	27	47	9	31
"hsa-miR-642a-3p"	8	0	15	27	8	8	29	41	58	10	59	23	15	37
"hsa-miR-642a-5p"	18	73	23	117	25	41	199	143	97	65	411	259	143	215
"hsa-miR-6500-3p"	12	8	5	5	22	35	21	2	125	106	0	3	0	0
"hsa-miR-6501-3p"	0	8	2	27	2	8	8	28	45	15	28	40	0	13
"hsa-miR-6502-5p"	5	14	43	53	8	18	92	32	120	30	8	4	0	74
"hsa-miR-6503-3p"	2	2	94	43	0	8	73	14	122	11	48	69	8	39
"hsa-miR-6503-5p"	2	5	141	146	17	28	96	32	359	30	239	316	48	191
"hsa-miR-6511a-3p"	555	527	231	952	498	520	801	1771	2918	767	592	1478	385	963
"hsa-miR-6511a-5p"	27	22	6	36	21	35	36	72	121	17	12	14	0	18
"hsa-miR-6511b-3p"	419	436	142	807	383	445	543	2689	2425	772	394	798	199	752
"hsa-miR-6511b-5p"	70	53	31	73	39	70	58	162	236	56	25	27	2	37
"hsa-miR-6513-3p"	12	8	10	10	12	15	80	20	149	29	13	10	0	15
"hsa-miR-6514-5p"	9	11	29	21	15	16	27	15	118	30	20	14	3	24
"hsa-miR-6516-5p"	11	3	0	7	6	16	36	13	81	27	3	2	0	15
"hsa-miR-652-3p"	1377	1193	2130	2780	1393	2229	2534	2296	11775	3585	4096	3668	319	1713
"hsa-miR-653-3p"	3	0	0	6	6	11	16	3	28	37	0	0	0	0
"hsa-miR-654-3p"	1583	1299	2292	4324	2065	1768	7980	2922	58112	4122	1303	3325	382	6258
"hsa-miR-654-5p"	41	33	52	61	23	18	91	80	501	24	43	66	13	46
"hsa-miR-659-5p"	40	58	94	63	27	34	138	27	594	59	54	67	13	73
"hsa-miR-660-3p"	38	22	14	41	29	60	34	53	320	120	18	26	0	28
"hsa-miR-660-5p"	787	308	408	660	970	520	3504	791	3468	1004	95	174	11	357
"hsa-miR-663b"	22	7	33	33	29	75	71	135	88	74	99	144	3	117
"hsa-miR-664a-3p"	2897	2419	1575	4091	2398	2208	5461	16571	21991	5562	4246	5480	1058	3391
"hsa-miR-664a-5p"	1247	670	353	1132	475	703	1220	1793	4838	1245	157	291	95	530
"hsa-miR-664b-3p"	216	149	128	359	176	193	435	939	1230	296	363	364	70	207
"hsa-miR-664b-5p"	60	27	56	118	59	69	61	342	377	125	63	99	28	117
"hsa-miR-665"	3	4	32	37	4	0	40	2	174	26	53	50	4	14
"hsa-miR-668-3p"	7	2	9	11	0	5	23	12	259	7	19	35	4	19
"hsa-miR-671-3p"	690	1109	1140	1527	807	1131	1875	2946	9398	1757	2535	3011	395	2529
"hsa-miR-671-5p"	43	24	29	68	86	44	64	97	326	58	37	103	8	52
"hsa-miR-6716-3p"	166	150	127	382	153	183	331	562	2499	254	121	285	46	331
"hsa-miR-6723-5p"	249	288	141	296	676	452	329	475	1545	279	0	86	23	107
"hsa-miR-6724-5p"	122	97	34	168	72	99	109	441	314	90	55	74	7	61
"hsa-miR-6726-3p"	19	15	6	18	19	6	19	75	102	34	16	38	8	32
"hsa-miR-6729-3p"	7	14	2	6	11	4	16	26	43	31	12	12	4	7
"hsa-miR-6730-5p"	13	7	0	36	8	17	10	35	68	19	9	34	5	7
"hsa-miR-6731-3p"	2	5	0	22	4	4	11	57	89	11	58	28	21	42
"hsa-miR-6732-3p"	14	7	2	39	19	22	11	68	3055	48	32	27	4	35
"hsa-miR-6734-5p"	23	10	12	34	17	17	21	127	580	29	45	21	13	32
"hsa-miR-6735-3p"	11	4	12	29	16	20	12	28	120	41	32	21	2	15
"hsa-miR-6735-5p"	3	2	12	20	12	17	4	35	142	28	9	35	0	11
"hsa-miR-6737-3p"	71	84	49	181	75	131	130	232	939	210	131	191	24	157
"hsa-miR-6741-3p"	23	32	29	54	64	64	51	93	337	107	65	73	4	66
"hsa-miR-6747-3p"	14	24	17	45	20	31	33	40	366	65	61	83	19	52
"hsa-miR-6749-3p"	80	53	48	98	68	58	69	336	388	111	67	94	26	66
"hsa-miR-675-3p"	51	74	31	382	90	84	75	334	824	169	37	592	43	32
"hsa-miR-675-5p"	16	22	3	87	16	14	4	97	53	30	0	32	4	2
"hsa-miR-6750-3p"	63	47	0	76	56	50	37	147	153	90	22	54	21	81
"hsa-miR-6756-3p"	174	342	60	360	154	90	107	1378	785	223	165	114	27	163
"hsa-miR-6757-5p"	21	12	3	13	11	13	6	63	95	17	11	15	0	12
"hsa-miR-6761-3p"	2	11	11	3	17	14	0	20	397	25	5	10	0	7
"hsa-miR-6761-5p"	25	28	31	24	36	29	25	20	240	44	19	13	0	29
"hsa-miR-6762-3p"	23	21	19	22	16	37	16	6	244	72	18	31	0	8
"hsa-miR-6769b-3p"	17	25	135	165	27	37	94	243	792	74	380	349	88	198
"hsa-miR-6772-3p"	26	45	26	40	35	28	26	74	8994	39	17	25	0	43
"hsa-miR-6774-3p"	0	5	44	34	4	8	64	34	1043	21	38	84	15	78
"hsa-miR-6776-3p"	5	5	2	8	8	14	0	21	153	39	3	0	0	5
"hsa-miR-6777-3p"	9	5	4	12	19	16	10	29	82	35	9	9	6	15
"hsa-miR-6780b-3p"	6	2	12	13	8	9	13	17	63	18	17	23	3	9
"hsa-miR-6784-3p"	9	13	5	38	8	14	15	121	175	34	9	7	6	30
"hsa-miR-6786-3p"	28	12	24	30	27	39	42	110	302	71	36	45	8	53
"hsa-miR-6788-3p"	3	9	0	6	10	11	13	53	43	3	17	32	4	4
"hsa-miR-6793-3p"	51	47	21	109	70	52	29	438	278	86	61	58	9	47
"hsa-miR-6795-3p"	3	11	3	19	14	14	14	72	87	34	3	13	0	7
"hsa-miR-6798-3p"	23	14	7	50	26	25	25	178	46	45	16	11	7	29
"hsa-miR-6802-3p"	26	34	36	55	36	23	61	75	731	56	84	130	13	54
"hsa-miR-6803-3p"	140	102	73	185	118	119	110	729	856	220	304	301	77	242
"hsa-miR-6806-3p"	12	10	10	9	10	17	12	32	3309	15	7	11	4	20
"hsa-miR-6809-3p"	23	16	3	4	12	12	8	26	83	41	4	12	6	15
"hsa-miR-6810-3p"	56	54	47	122	106	89	73	226	496	191	91	87	42	101
"hsa-miR-6810-5p"	14	7	13	15	12	8	8	14	62	12	4	13	4	5
"hsa-miR-6812-3p"	8	5	7	11	13	13	12	44	116	31	32	30	17	17
"hsa-miR-6814-3p"	30	30	10	38	33	37	21	22	575	93	5	13	5	7
"hsa-miR-6819-3p"	11	18	12	60	22	29	22	112	326	64	68	56	9	28
"hsa-miR-6824-3p"	5	6	11	18	27	19	13	14	74	58	21	22	0	5
"hsa-miR-6827-3p"	33	30	12	45	31	51	17	100	818	81	19	53	8	28
"hsa-miR-6833-3p"	38	28	15	36	26	30	40	70	372	90	41	46	11	50
"hsa-miR-6836-3p"	4	12	4	10	14	10	36	96	23	20	49	12	5	34
"hsa-miR-6837-3p"	35	21	53	31	29	40	67	33	120	37	9	26	14	44
"hsa-miR-6842-3p"	113	173	333	204	162	234	396	172	1260	339	333	261	61	365
"hsa-miR-6843-3p"	11	10	4	24	8	17	22	24	1452	0	3	7	2	28
"hsa-miR-6852-5p"	23	26	49	64	27	16	66	17	282	41	62	36	19	41
"hsa-miR-6853-3p"	4	12	0	20	8	7	24	15	127	26	29	38	0	7
"hsa-miR-6855-3p"	7	9	9	12	8	12	18	27	106	23	33	37	2	21
"hsa-miR-6859-5p"	27	34	43	59	25	45	69	39	260	48	22	27	20	36
"hsa-miR-6866-5p"	10	17	7	6	14	15	41	29	199	26	7	2	0	19
"hsa-miR-6873-3p"	6	10	4	19	8	11	14	16	103	12	12	23	5	13
"hsa-miR-6875-5p"	5	17	3	10	7	16	3	13	58	15	8	16	0	20
"hsa-miR-6879-3p"	39	15	9	36	24	29	31	117	293	52	40	43	7	23
"hsa-miR-6882-5p"	10	0	0	2	2	4	11	14	28	12	0	0	2	2
"hsa-miR-6883-3p"	36	16	2	30	29	15	16	34	1274	39	13	12	2	14
"hsa-miR-6885-3p"	21	8	0	17	18	22	17	39	183	35	25	23	0	18
"hsa-miR-6894-3p"	79	35	46	137	35	53	57	305	416	177	113	145	26	92
"hsa-miR-6895-3p"	15	8	0	17	6	22	10	12	65	44	14	23	2	14
"hsa-miR-7-1-3p"	11	17	32	23	35	26	335	65	262	87	29	41	8	46
"hsa-miR-708-3p"	86	75	67	54	61	79	293	90	228	138	12	9	14	74
"hsa-miR-708-5p"	133	109	70	209	253	307	770	205	1089	563	50	68	29	146
"hsa-miR-7110-3p"	13	13	9	10	7	13	6	32	80	14	2	17	3	7
"hsa-miR-7111-3p"	15	5	4	12	14	11	3	21	71	45	15	10	6	12
"hsa-miR-7114-3p"	52	51	19	84	65	75	45	94	149	138	26	24	8	40
"hsa-miR-744-3p"	40	61	37	74	91	57	181	131	834	188	50	89	4	91
"hsa-miR-744-5p"	1604	1694	1402	3356	2800	2158	3607	5277	15037	3750	2598	5136	623	3395
"hsa-miR-758-3p"	8	10	11	34	10	6	62	29	555	28	17	49	0	20
"hsa-miR-760"	59	74	66	191	93	79	100	130	530	138	71	131	14	76
"hsa-miR-7641"	49	44	59	142	69	22	84	377	575	91	98	123	178	54
"hsa-miR-765"	17	3	9	25	12	14	15	16	129	26	12	8	0	16
"hsa-miR-766-3p"	115	126	257	385	135	126	526	694	1590	274	1218	1246	153	608
"hsa-miR-766-5p"	4	5	10	12	7	2	8	24	60	4	17	21	5	11
"hsa-miR-769-3p"	21	24	10	21	36	20	52	56	131	53	12	27	0	19
"hsa-miR-769-5p"	4163	3706	3879	4466	2472	3372	13739	5842	15288	6046	2022	2975	702	5295
"hsa-miR-7702"	2	4	287	105	0	0	6	15	23	0	469	515	60	40
"hsa-miR-7703"	3	11	36	28	15	5	16	17	52	22	33	43	6	27
"hsa-miR-7704"	273	300	68	371	257	314	302	1025	1040	339	517	259	186	222
"hsa-miR-7706"	502	450	1423	1069	472	480	1581	1389	5141	793	1966	1310	299	1111
"hsa-miR-7846-3p"	5	9	42	24	14	15	52	25	59	8	53	45	3	23
"hsa-miR-7854-3p"	5	3	11	14	5	10	22	18	38	14	23	8	0	14
"hsa-miR-873-3p"	44	17	42	18	26	55	21	26	204	109	60	11	4	25
"hsa-miR-873-5p"	14	8	29	11	4	11	30	0	40	32	19	0	2	28
"hsa-miR-874-3p"	282	261	248	422	299	621	951	330	3335	1101	443	952	48	359
"hsa-miR-874-5p"	96	122	65	111	75	211	327	69	1103	442	138	274	9	127
"hsa-miR-877-3p"	98	59	28	110	104	122	67	285	507	272	122	101	28	91
"hsa-miR-877-5p"	1436	1236	1036	3708	1487	1888	1763	6969	13663	2480	2061	3722	1044	4137
"hsa-miR-885-5p"	78	153	7	214	90	45	80	332	361	72	91	50	17	19
"hsa-miR-887-3p"	246	423	148	203	258	135	483	395	1040	162	136	398	41	384
"hsa-miR-887-5p"	11	20	6	35	18	19	17	40	219	22	18	59	0	16
"hsa-miR-888-5p"	6	3	0	4	18	16	14	4	107	32	0	0	0	2
"hsa-miR-889-3p"	27	8	34	27	10	12	270	24	282	50	3	7	2	42
"hsa-miR-891a-5p"	4365	2022	342	1045	2603	2126	1060	1153	10731	4068	12	169	106	212
"hsa-miR-892a"	93	57	19	32	90	53	38	17	348	132	4	4	2	0
"hsa-miR-9-5p"	355	324	275	605	823	230	1562	712	1582	369	6	79	2	181
"hsa-miR-92a-1-5p"	160	133	130	254	184	212	235	469	954	242	330	273	78	367
"hsa-miR-92a-3p"	1060647	903336	582075	1377124	893214	1000674	1048203	4273337	6900379	1270241	788679	776230	175359	1177161
"hsa-miR-92b-3p"	44792	40354	69769	209949	59470	59035	103699	673374	1037711	146845	204908	200193	38995	215104
"hsa-miR-92b-5p"	139	76	74	335	152	102	105	1352	854	185	171	192	52	219
"hsa-miR-93-3p"	117	165	159	306	156	254	354	487	3783	511	461	504	48	379
"hsa-miR-93-5p"	6711	6200	6251	8613	7915	10325	18028	11768	62598	16039	5505	5155	882	6888
"hsa-miR-935"	16	34	4	35	7	28	56	43	93	40	173	184	5	31
"hsa-miR-937-3p"	13	11	68	115	25	29	46	71	296	59	73	52	33	107
"hsa-miR-940"	32	61	60	78	59	85	196	83	614	115	79	132	14	97
"hsa-miR-941"	2048	3452	7561	9500	4210	4823	9913	11020	76215	13163	34206	24502	1516	6750
"hsa-miR-942-5p"	4	24	42	50	25	31	108	64	287	79	83	69	10	123
"hsa-miR-943"	11	18	9	19	16	31	29	52	304	64	16	26	2	23
"hsa-miR-95-3p"	111	83	67	124	100	148	777	108	1349	386	156	30	43	335
"hsa-miR-96-5p"	0	3	4	37	13	12	175	47	120	11	0	9	9	45
"hsa-miR-98-3p"	38	41	27	76	74	41	631	77	337	155	3	5	2	122
"hsa-miR-98-5p"	2323	1540	2900	2949	7267	3093	25024	3768	23322	7083	657	615	178	2506
"hsa-miR-99a-3p"	105	161	59	130	169	122	290	211	1229	297	19	82	2	76
"hsa-miR-99a-5p"	3043	6017	4085	11539	6944	6698	23981	8686	24507	15870	1918	5931	523	6820
"hsa-miR-99b-3p"	395	565	463	407	323	501	857	622	4511	679	329	593	45	409
"hsa-miR-99b-5p"	64958	77776	73049	144782	74793	116706	153796	347795	1136017	236728	120239	246286	17619	115228
